000000006711052023050099910
000000006711052023052399930
000000006711052023053399931
000000006711052023071899930
000000006711052023075999931
000000006711052023091299930
000000006711052023104699931
000000006711052023104699920
000000006711052023114799921
000000006711052023123099930
000000006711052023123499931
000000006711052023125199930
000000006711052023130499931
000000006711052023133399911
000000007711052023050099910
000000007711052023103799920
000000007711052023113899921
000000007711052023103799920
000000007711052023153199911
000000006811052023050199910
000000006811052023095999930
000000006811052023110199931
000000006811052023114599920
000000006811052023124899921
000000006811052023152999911
000000007611052023054399910
000000007611052023054399911
000000609911052023055699910
000000609911052023082999911
000000487511052023055699910
000000487511052023100299920
000000487511052023110499921
000000487511052023153599911
000000409711052023055799910
000000409711052023085799930
000000409711052023100899931
000000409711052023100899920
000000409711052023111199921
000000409711052023111199930
000000409711052023134699931
000000409711052023161999911
000000535111052023055799910
000000535111052023082099911
000000634211052023055799910
000000634211052023090199930
000000634211052023101099931
000000634211052023103699920
000000634211052023114199921
000000634211052023114199921
000000634211052023114199930
000000634211052023123299931
000000634211052023153999911
000000006611052023055899910
000000006611052023113999920
000000006611052023124699921
000000006611052023144799911
000000487411052023055999910
000000487411052023062499911
000000296411052023060099910
000000296411052023110399920
000000296411052023120399921
000000296411052023190099911
000000011011052023060099910
000000011011052023071999911
000000171111052023060499910
000000171111052023100299920
000000171111052023110899921
000000171111052023154899911
000000300911052023060599910
000000300911052023105499920
000000300911052023115599921
000000300911052023162299911
000000622211052023061099910
000000622211052023061099911
000000306811052023062099910
000000306811052023110099920
000000306811052023130099921
000000306811052023173099911
000000487411052023062299910
000000487411052023101899920
000000487411052023112199921
000000487411052023155699911
000000007911052023065599910
000000007911052023065599911
000000083611052023065599910
000000083611052023070399930
000000083611052023082499931
000000083611052023132399920
000000083611052023152799921
000000083611052023170499911
000000634111052023065699910
000000634111052023160599911
000000590911052023065699910
000000590911052023114499920
000000590911052023124599921
000000590911052023124599921
000000590911052023154299911
000000007411052023065699910
000000007411052023111299920
000000007411052023131399921
000000007411052023131399911
000000005711052023065699910
000000005711052023065699911
000000830911052023065699910
000000830911052023121299920
000000830911052023131399921
000000830911052023121299920
000000830911052023121299920
000000830911052023121299920
000000830911052023171199911
000000731511052023065799910
000000731511052023112799920
000000731511052023122899921
000000731511052023172199911
000000689211052023065799910
000000689211052023113499920
000000689211052023123499921
000000689211052023170299911
000000758311052023065799910
000000758311052023123299920
000000758311052023133299921
000000758311052023154799911
000000007511052023065799910
000000007511052023065799911
000000007011052023065899910
000000007011052023094099930
000000007011052023094999931
000000007011052023115999920
000000007011052023130099921
000000007011052023173099911
000000007811052023065899910
000000007811052023065899911
000000210611052023065899910
000000210611052023123399920
000000210611052023133599921
000000210611052023160099911
000000302611052023070099910
000000225411052023070099910
000000225411052023111799920
000000225411052023122299921
000000225411052023181299911
000000639111052023070099910
000000639111052023131599920
000000639111052023142299921
000000639111052023174399911
000000591311052023070099910
000000591311052023123399920
000000591311052023133499921
000000591311052023164899911
000000500711052023070199910
000000500711052023095999930
000000500711052023100599931
000000500711052023100699930
000000500711052023115099931
000000500711052023122499911
000000452811052023070399910
000000452811052023125799920
000000452811052023140299921
000000452811052023184699911
000000652411052023070399910
000000652411052023070499911
000000239511052023071099910
000000239511052023115899920
000000239511052023130499921
000000239511052023115899920
000000239511052023163599911
000000029011052023071599910
000000029011052023132199920
000000029011052023152199921
000000029011052023152199921
000000029011052023180099911
000000153311052023071599910
000000153311052023114099920
000000153311052023134199921
000000153311052023171699911
000000731711052023072099910
000000731711052023120099920
000000731711052023140199921
000000731711052023172599911
000000034511052023072599910
000000034511052023115299920
000000034511052023135299921
000000034511052023172899911
000000488711052023072699910
000000488711052023113199920
000000488711052023123299921
000000488711052023183699911
000000268911052023072799910
000000268911052023114699920
000000268911052023124799921
000000268911052023181999911
000000021711052023072799910
000000021711052023120199920
000000021711052023140199921
000000021711052023173199911
000000190511052023072899910
000000190511052023110399920
000000190511052023130499921
000000190511052023130499921
000000190511052023173599911
000000052811052023072899910
000000052811052023114599920
000000052811052023124699921
000000052811052023165899911
000000483211052023072999910
000000483211052023114299920
000000483211052023124399921
000000483211052023164099911
000000126411052023073599910
000000126411052023073599930
000000126411052023081999931
000000126411052023115899920
000000126411052023125999921
000000126411052023161599930
000000126411052023162699931
000000126411052023163399911
000000030611052023073699910
000000030611052023073699911
000000742511052023073999910
000000742511052023121999920
000000742511052023182999921
000000742511052023182999911
000000266411052023075199910
000000266411052023123199920
000000266411052023134199921
000000266411052023174599911
000000631811052023075599910
000000631811052023075599930
000000631811052023092199931
000000631811052023120199920
000000631811052023130199921
000000631811052023170199911
000000197411052023075599910
000000197411052023075599930
000000197411052023083299931
000000197411052023083899930
000000197411052023084099931
000000197411052023085099930
000000197411052023121699931
000000197411052023121699920
000000197411052023131699921
000000197411052023131999930
000000197411052023155599931
000000197411052023165899911
000000416211052023075699910
000000416211052023075699930
000000416211052023081699931
000000416211052023085199930
000000416211052023102299931
000000416211052023120599920
000000416211052023130799921
000000416211052023163199930
000000416211052023164499931
000000416211052023164499911
000000695211052023075799910
000000695211052023120699920
000000695211052023130799921
000000695211052023154199911
000000408911052023075899910
000000408911052023115199920
000000408911052023125799921
000000767511052023075999910
000000767511052023170899911
000000292611052023075999910
000000292611052023075999910
000000292611052023120199920
000000292611052023130499921
000000736111052023080099910
000000736111052023120799920
000000736111052023130799921
000000736111052023170099911
000000906311052023080099910
000000906311052023140299920
000000906311052023150499921
000000906311052023172099911
000000738211052023080099910
000000738211052023130099920
000000738211052023150099921
000000738211052023194699911
000000846611052023080299910
000000846611052023120199920
000000846611052023135599921
000000846611052023135599921
000000846611052023175799911
000000292111052023080699910
000000292111052023114199920
000000292111052023124199921
000000292111052023170799911
000000299111052023080999910
000000299111052023130299920
000000299111052023140499921
000000299111052023170399911
000000063811052023081099910
000000063811052023124899920
000000063811052023135199921
000000063811052023173799911
000000746711052023082099910
000000746711052023113399920
000000746711052023123699921
000000746711052023181599911
000000005711052023082799910
000000005711052023111999920
000000005711052023121999921
000000005711052023111999920
000000005711052023135299911
000000617911052023084199910
000000617911052023130799920
000000617911052023143799921
000000617911052023175799911
000000890111052023085399910
000000890111052023114599920
000000890111052023124699921
000000890111052023180099911
000000535111052023085999910
000000535111052023120299920
000000535111052023130599921
000000535111052023151899911
000000694011052023090399910
000000694011052023121599920
000000694011052023132199921
000000694011052023180299911
000000883711052023095899910
000000883711052023135899920
000000883711052023145899921
000000883711052023191699911
000000007311052023095999910
000000007311052023125299920
000000007311052023135399921
000000007311052023125299920
000000007311052023203099911
000000030611052023102299910
000000030611052023120899920
000000030611052023130999921
000000414411052023105599910
000000414411052023142599920
000000414411052023152599921
000000414411052023200599911
000000007911052023105799910
000000007911052023105799920
000000007911052023125899921
000000007911052023125899911
000000609911052023105999910
000000609911052023110099920
000000609911052023120299921
000000609911052023110099920
000000609911052023170099911
000000634111052023110099910
000000634111052023110099920
000000634111052023120099921
000000634111052023160199911
000000764111052023110199910
000000764111052023141899920
000000764111052023152199921
000000007611052023110299910
000000007611052023110399920
000000007611052023130399921
000000007611052023130499911
000000007511052023111299910
000000007511052023111299920
000000007511052023131699921
000000007511052023131699911
000000149411052023125999910
000000149411052023125999911
000000500711052023131499910
000000500711052023140399930
000000500711052023143599931
000000500711052023140399930
000000500711052023143599931
000000500711052023143699920
000000500711052023154099921
000000500711052023154199930
000000500711052023170499931
000000500711052023175799911
000000905911052023145599910
000000905911052023191599920
000000905911052023201599921
000000905911052023232299911
000000149411052023145599910
000000149411052023192499920
000000149411052023205999921
000000149411052023205999921
000000149411052023205999911
000000006611052023145799910
000000006611052023145799911
000000007611052023151599910
000000007611052023151599911
000000695211052023160899910
000000695211052023172199911
000000487511052023164799910
000000487511052023164999911
000000292611052023165899911
000000007411052023170099910
000000007411052023170099911
000000005711052023170499910
000000005711052023170499911
000000007911052023170599910
000000007911052023170599911
000000731511052023172999910
000000007511052023174299910
000000007511052023174299911
000000652411052023174499910
000000652411052023175099911
000000149411052023215099910
000000149411052023215099911
