000000622226012023114199911
000000007426012023045599910
000000007426012023091799930
000000007426012023100899931
000000007426012023105499920
000000007426012023115499921
000000007626012023050099910
000000007626012023111399911
000000006626012023053099910
000000006626012023113299920
000000006626012023123399921
000000052826012023055599910
000000052826012023085899911
000000609926012023055599910
000000609926012023085199911
000000500726012023055799910
000000500726012023103999920
000000500726012023114099921
000000500726012023122399930
000000500726012023145099931
000000171126012023055799910
000000171126012023060099911
000000409726012023060099910
000000409726012023090299930
000000409726012023102199931
000000409726012023130099920
000000409726012023140199921
000000409726012023140199930
000000409726012023142199931
000000409726012023142199911
000000300926012023060599910
000000300926012023060599911
000000487526012023060699910
000000487526012023060799911
000000634226012023060799910
000000634226012023073299930
000000634226012023101799931
000000634226012023101799931
000000634226012023111999920
000000634226012023122599921
000000634226012023122599930
000000634226012023130299931
000000634226012023151999911
000000300926012023061599910
000000300926012023102599911
000000007026012023062099910
000000007026012023104399920
000000007026012023114499921
000000007026012023114499911
000000029026012023065099910
000000029026012023125099920
000000029026012023145099921
000000029026012023171099911
000000171126012023065299910
000000171126012023101799920
000000171126012023111999921
000000171126012023143799911
000000006726012023065499910
000000006726012023065499911
000000007826012023065499910
000000007826012023065599911
000000007926012023065599910
000000007926012023065599911
000000591326012023065599910
000000591326012023124499920
000000591326012023134599921
000000591326012023152199911
000000830926012023065599910
000000830926012023065599911
000000731526012023065599910
000000731526012023115799920
000000731526012023125899921
000000731526012023152199911
000000007226012023065599910
000000007226012023065599911
000000525126012023065599910
000000525126012023110599920
000000525126012023120799921
000000525126012023152099911
000000006526012023065599910
000000006526012023065599911
000000487526012023065699910
000000487526012023105599911
000000652426012023065699910
000000652426012023110199920
000000652426012023120299921
000000487426012023065699910
000000487426012023110299920
000000487426012023120599921
000000639126012023065699910
000000639126012023140299921
000000639126012023154499911
000000007726012023065799910
000000007726012023113999920
000000007726012023124199921
000000007726012023173099911
000000006826012023065899910
000000006826012023065899911
000000689226012023065899910
000000689226012023113999920
000000689226012023124199921
000000689226012023160099911
000000030626012023065999910
000000030626012023065999911
000000007526012023065999910
000000007526012023065999911
000000590926012023070699910
000000590926012023070699911
000000153326012023071599910
000000153326012023104599930
000000153326012023114299931
000000153326012023114999920
000000153326012023135199921
000000153326012023171499911
000000030626012023071899910
000000030626012023120899920
000000030626012023131099921
000000030626012023165199911
000000306826012023072099910
000000306826012023112899920
000000306826012023132899921
000000306826012023112899920
000000306826012023170899911
000000009126012023072399910
000000009126012023110699920
000000009126012023130799921
000000034526012023072799910
000000034526012023112999920
000000034526012023132999921
000000034526012023133099920
000000034526012023133099921
000000034526012023172799911
000000483226012023072899910
000000483226012023072999911
000000488726012023073099910
000000488726012023114799920
000000488726012023124999921
000000488726012023165299911
000000535126012023073099910
000000535126012023115399920
000000535126012023125699921
000000535126012023163199911
000000830926012023073099910
000000830926012023105699911
000000190526012023073199910
000000190526012023111199920
000000190526012023131099921
000000731726012023073299910
000000731726012023120099920
000000731726012023140099921
000000266426012023075099910
000000266426012023124099920
000000266426012023135199921
000000266426012023170499911
000000781226012023075099910
000000781226012023120499920
000000781226012023130599921
000000781226012023164399911
000000631826012023075599910
000000631826012023075599930
000000631826012023081299931
000000631826012023120099920
000000631826012023130199921
000000631826012023130199930
000000631826012023143599931
000000631826012023163399930
000000631826012023165899931
000000631826012023165899911
000000416226012023075599910
000000416226012023115599920
000000416226012023125699921
000000063826012023075599910
000000063826012023123799920
000000063826012023134199921
000000063826012023175499911
000000197426012023075599910
000000197426012023075599930
000000197426012023092899931
000000197426012023092899931
000000197426012023092899931
000000197426012023092899931
000000197426012023093099930
000000197426012023095799931
000000197426012023095799931
000000197426012023101199930
000000197426012023111399931
000000197426012023111399931
000000197426012023111399931
000000197426012023112699930
000000197426012023115999931
000000197426012023120099920
000000028726012023075799910
000000028726012023075799930
000000028726012023121099931
000000028726012023121099920
000000028726012023131499921
000000028726012023131499930
000000028726012023152999931
000000028726012023152999931
000000028726012023152999911
000000483226012023075899910
000000483226012023113199920
000000483226012023123299921
000000483226012023163099911
000000292626012023075899910
000000292626012023120499920
000000292626012023130499921
000000292626012023130499911
000000846626012023075999910
000000846626012023113099920
000000846626012023131599921
000000210626012023075999910
000000210626012023112599920
000000210626012023122699921
000000225426012023080099910
000000225426012023112099920
000000225426012023122399921
000000225426012023170099911
000000906326012023080099910
000000906326012023121099920
000000906326012023131299921
000000906326012023172399911
000000302626012023080099910
000000302626012023120399920
000000302626012023130499921
000000302626012023170199911
000000738226012023080199910
000000738226012023112799920
000000738226012023132999921
000000738226012023180199911
000000292126012023080799910
000000292126012023120599920
000000292126012023130799921
000000292126012023174499911
000000746726012023085099910
000000746726012023133999920
000000746726012023150999921
000000746726012023181299911
000000905926012023085799910
000000905926012023085799911
000000694026012023085999910
000000694026012023122699920
000000694026012023133099921
000000694026012023180599911
000000052826012023090099910
000000052826012023115999920
000000052826012023130199921
000000052826012023150299911
000000890126012023090099910
000000890126012023145499920
000000890126012023155699921
000000890126012023190899911
000000452826012023093399910
000000452826012023115799920
000000452826012023125899921
000000452826012023152099911
000000609926012023101199910
000000609926012023101199920
000000609926012023111299921
000000609926012023120099911
000000300926012023104699910
000000300926012023133299911
000000414426012023105599910
000000414426012023140699920
000000414426012023150799921
000000414426012023202099911
000000764126012023105599910
000000764126012023141999920
000000764126012023152199921
000000859026012023105599910
000000859026012023135099920
000000859026012023145199921
000000859026012023191399911
000000006526012023105699910
000000006526012023105699920
000000006526012023125999921
000000006526012023125999911
000000007826012023105799910
000000007826012023105799920
000000007826012023130099921
000000007826012023130099911
000000006726012023105799910
000000006726012023105799920
000000006726012023125799921
000000006726012023125799911
000000007926012023105899910
000000007926012023105899920
000000007926012023125999921
000000007926012023125999911
000000006826012023105899910
000000006826012023105899920
000000006826012023130299921
000000006826012023130299911
000000007526012023105999910
000000007526012023105999920
000000007526012023125999921
000000007226012023105999910
000000007226012023105999920
000000007226012023130099921
000000007226012023130099911
000000005726012023110199910
000000005726012023110199920
000000005726012023130299921
000000005726012023134199911
000000487526012023110799910
000000487526012023110899920
000000487526012023120999921
000000487526012023161099911
000000083626012023112199910
000000083626012023171099911
000000758326012023114499910
000000758326012023152399911
000000007026012023114799910
000000007026012023160899911
000000149426012023130199910
000000149426012023130299911
000000300926012023134199910
000000300926012023134199920
000000300926012023144499921
000000300926012023172199911
000000905926012023140199910
000000905926012023140199920
000000905926012023150899921
000000905926012023150999911
000000028726012023155499910
000000006526012023161699910
000000006526012023161699911
000000007526012023162699910
000000006726012023162799910
000000006726012023162799911
000000007926012023163199910
000000007926012023163199911
000000622226012023163299910
000000030626012023170699910
000000030626012023170699911
000000830926012023125599920
000000830926012023135699921
000000830926012023173099911
000000149426012023173599910
000000149426012023173599920
000000149426012023183999921
000000149426012023183999921
000000149426012023183999911
000000905926012023182199910
000000905926012023182199911
000000292626012023190299910
000000292626012023190299911
000000758326012023203599910
000000758326012023203599911
