000000859029042023093199911
000000905929042023105399911
000000634129042023065599911
000000007729042023050099910
000000007729042023080099911
000000007029042023050299910
000000007029042023094599920
000000007029042023104699921
000000007029042023094599920
000000007029042023143299911
000000007629042023053499910
000000007629042023101299920
000000007629042023111399921
000000007629042023142099911
000000535129042023055599910
000000535129042023100299911
000000525129042023055799910
000000525129042023055899911
000000171129042023055799910
000000171129042023100199920
000000171129042023110299921
000000171129042023110299921
000000171129042023142399911
000000487429042023055899910
000000487429042023063099911
000000487529042023055899910
000000487529042023055899911
000000634229042023060099910
000000634229042023092499930
000000634229042023104099931
000000634229042023104099920
000000634229042023114199921
000000634229042023114199930
000000634229042023150499931
000000634229042023175999911
000000409729042023060399910
000000409729042023060399911
000000652429042023060599910
000000652429042023060599911
000000005729042023060699910
000000005729042023103099920
000000005729042023113099921
000000005729042023150099911
000000525129042023060899910
000000487529042023061699910
000000487529042023100799920
000000487529042023110999921
000000487529042023135899911
000000738229042023064799910
000000738229042023124999911
000000622229042023065299910
000000622229042023142499911
000000689229042023065599910
000000689229042023115399920
000000689229042023125399921
000000689229042023151999911
000000634129042023065599910
000000634129042023123999911
000000590929042023065599910
000000590929042023120899920
000000590929042023130999921
000000590929042023161299911
000000639129042023065599910
000000639129042023124999920
000000639129042023134899921
000000639129042023161899911
000000591329042023065599910
000000591329042023121499920
000000591329042023131699921
000000591329042023155299911
000000007429042023065699910
000000007429042023065699911
000000830929042023065699910
000000830929042023133299920
000000830929042023143399921
000000830929042023162199911
000000006729042023065799910
000000006729042023065799911
000000006529042023065799910
000000006529042023113399920
000000006529042023123499921
000000006529042023132199911
000000758329042023065799910
000000758329042023065799911
000000007829042023065899910
000000007829042023065899911
000000758329042023065899910
000000758329042023113999911
000000006829042023070099910
000000006829042023112199920
000000006829042023122299921
000000006829042023122299921
000000006829042023122299911
000000266429042023070299910
000000266429042023120499911
000000302629042023070299910
000000007929042023070299910
000000007929042023070299911
000000299129042023070499910
000000299129042023121999911
000000239529042023070699910
000000239529042023105399911
000000153329042023071799910
000000153329042023104599940
000000153329042023110099941
000000153329042023124399911
000000452829042023072099910
000000452829042023120899920
000000452829042023131099921
000000452829042023160999911
000000306829042023072099910
000000306829042023110099920
000000306829042023120099921
000000416229042023072199910
000000416229042023130099911
000000034529042023072899910
000000034529042023112899911
000000021729042023072999910
000000021729042023113099911
000000292629042023073799910
000000292629042023120899911
000000063829042023075599910
000000063829042023120199911
000000631829042023075599910
000000631829042023075699930
000000631829042023081699931
000000631829042023101999930
000000631829042023112199931
000000631829042023130399911
000000052829042023075699910
000000052829042023121299911
000000488729042023075699910
000000488729042023115999911
000000197429042023075699910
000000197429042023075699930
000000197429042023081499931
000000197429042023081599930
000000197429042023082699931
000000197429042023084999930
000000197429042023093299931
000000197429042023093299931
000000197429042023125599911
000000030629042023075699910
000000030629042023075699911
000000268929042023075699910
000000268929042023075899911
000000292129042023075699910
000000292129042023121099911
000000483229042023075799910
000000483229042023120599911
000000408929042023075899910
000000210629042023075999910
000000210629042023122799911
000000736129042023080099910
000000736129042023120099911
000000731729042023080199910
000000731729042023140099911
000000083629042023080199910
000000083629042023120199911
000000767529042023080399910
000000767529042023121499911
000000906329042023080499910
000000906329042023130299911
000000742529042023080699910
000000742529042023132299911
000000343229042023083399910
000000343229042023122699940
000000343229042023124399941
000000343229042023130799911
000000596729042023084899910
000000596729042023085399930
000000596729042023085899931
000000596729042023100099930
000000596729042023115399931
000000596729042023115399911
000000268929042023085499910
000000268929042023121199911
000000764129042023085999910
000000764129042023085999911
000000694029042023090599910
000000694029042023132399911
000000746729042023091099910
000000746729042023124299920
000000746729042023134699921
000000746729042023181299911
000000764129042023092099910
000000764129042023120799920
000000764129042023130899921
000000764129042023194799911
000000890129042023094699910
000000609929042023102199910
000000609929042023122699911
000000525129042023103399910
000000525129042023103399911
000000859029042023104199910
000000414429042023105699910
000000414429042023144899920
000000414429042023154999921
000000414429042023194099911
000000006729042023110199910
000000006729042023110199920
000000006729042023120199921
000000006729042023120199911
000000007829042023110299910
000000007829042023110299920
000000007829042023120499921
000000007829042023120599911
000000007929042023110399910
000000007929042023110399911
000000007429042023110599910
000000007429042023110599920
000000007429042023120699921
000000007429042023120699911
000000883729042023110899910
000000883729042023143099920
000000883729042023153899921
000000883729042023204299911
000000487429042023114399910
000000487429042023121699920
000000487429042023131899921
000000487429042023161199911
000000409729042023115299910
000000409729042023115299920
000000409729042023125799921
000000409729042023125799930
000000500729042023120999910
000000905929042023123799910
000000905929042023151999911
000000617929042023125499910
000000617929042023150299911
000000007429042023144499910
000000007429042023144499911
000000409729042023144699910
000000409729042023150899911
000000007829042023144899910
000000007829042023144899911
000000652429042023150499910
000000652429042023150599911
000000006829042023151899910
000000006829042023151899911
000000006729042023152199910
000000006729042023152199911
000000525129042023155899910
000000525129042023155899911
