000000302620012023081199911
000000028720012023043099910
000000028720012023072399911
000000006720012023045499910
000000006720012023051999930
000000006720012023052899931
000000006720012023071399930
000000006720012023080899931
000000006720012023091699930
000000006720012023103499931
000000006720012023103599920
000000006720012023113599921
000000006720012023121799930
000000006720012023122999931
000000006720012023125899930
000000006720012023133399931
000000006720012023133399911
000000007720012023050199910
000000007720012023074099911
000000006620012023052899910
000000006620012023113299920
000000006620012023123299921
000000006620012023151499911
000000846620012023055599910
000000846620012023112299920
000000846620012023131899921
000000846620012023164199911
000000487420012023055699910
000000487420012023091099911
000000052820012023055899910
000000052820012023110199920
000000052820012023120299921
000000005720012023055899910
000000005720012023105799920
000000005720012023115999921
000000005720012023143299911
000000171120012023055899910
000000171120012023095999920
000000171120012023110299921
000000171120012023154999911
000000300920012023060299910
000000300920012023100099920
000000300920012023110499921
000000300920012023144699911
000000500720012023060299910
000000500720012023121099920
000000500720012023131199921
000000500720012023142299911
000000487520012023060399910
000000487520012023104999920
000000487520012023115399921
000000487520012023152499911
000000634220012023060399910
000000634220012023071199930
000000634220012023092499931
000000634220012023092499931
000000634220012023101299920
000000634220012023111899921
000000634220012023111899930
000000634220012023113199931
000000634220012023131299911
000000409720012023060399910
000000409720012023103299911
000000622220012023060799910
000000622220012023110299920
000000622220012023120399921
000000622220012023151299911
000000007020012023062099910
000000007020012023062099911
000000830920012023065599910
000000830920012023065599911
000000639120012023065599910
000000639120012023121299920
000000639120012023131699921
000000591320012023065699910
000000591320012023125199920
000000591320012023135399921
000000591320012023165599911
000000590920012023065699910
000000590920012023123799920
000000590920012023133999921
000000525120012023065699910
000000525120012023121799920
000000525120012023132299921
000000525120012023152099911
000000007420012023065899910
000000007420012023105799920
000000007420012023125999921
000000007420012023125999911
000000006520012023065899910
000000006520012023065899911
000000652420012023065999911
000000452820012023065999910
000000452820012023111699920
000000452820012023122299921
000000452820012023152099911
000000007820012023065999910
000000007820012023065999911
000000731520012023065999910
000000731520012023120199920
000000731520012023130299921
000000731520012023171499911
000000007520012023070099910
000000007520012023070099911
000000007920012023070099910
000000007920012023070099911
000000652420012023070099910
000000652420012023122899920
000000652420012023133099921
000000652420012023163699911
000000007620012023070099910
000000007620012023070099911
000000007220012023070199910
000000007220012023070199911
000000689220012023070199910
000000689220012023070199911
000000006820012023070199910
000000006820012023103899911
000000153320012023071699910
000000153320012023114499920
000000153320012023134799921
000000153320012023171299911
000000306820012023072099910
000000306820012023110899920
000000306820012023130899921
000000034520012023072899910
000000034520012023114899920
000000034520012023134899921
000000034520012023175899911
000000488720012023072999910
000000488720012023115199920
000000488720012023125299921
000000488720012023160099911
000000483220012023072999910
000000483220012023073099911
000000731720012023073099910
000000731720012023121299920
000000731720012023141299921
000000535120012023073099910
000000535120012023113399920
000000535120012023123599921
000000535120012023160099911
000000190520012023073499910
000000190520012023120499920
000000190520012023141599921
000000652420012023074099910
000000652420012023113099911
000000007720012023074599910
000000007720012023111999920
000000007720012023122199921
000000007720012023153099911
000000483220012023075199910
000000483220012023114799920
000000483220012023124899921
000000483220012023160799911
000000266420012023075199910
000000266420012023120499920
000000266420012023131599921
000000266420012023170099911
000000416220012023075599910
000000416220012023075599930
000000416220012023081799931
000000416220012023111399930
000000416220012023112299931
000000416220012023120299920
000000416220012023140499921
000000416220012023174299911
000000197420012023075699910
000000197420012023075699930
000000197420012023081799931
000000197420012023084099930
000000197420012023084499931
000000197420012023084999930
000000197420012023085599931
000000197420012023085899930
000000197420012023092199931
000000197420012023092199931
000000197420012023092199931
000000197420012023092599930
000000197420012023092999931
000000197420012023093499930
000000197420012023094399931
000000197420012023095599930
000000197420012023100099931
000000197420012023100599930
000000197420012023102699931
000000197420012023102699931
000000197420012023104599930
000000197420012023105299931
000000197420012023105599930
000000197420012023105899931
000000197420012023110799930
000000197420012023112899931
000000197420012023114199930
000000197420012023114999931
000000197420012023115499930
000000197420012023120399931
000000197420012023120399920
000000197420012023120499921
000000197420012023120499920
000000197420012023130699921
000000197420012023130699930
000000197420012023131099931
000000197420012023132099930
000000197420012023133499931
000000197420012023133499931
000000197420012023134099930
000000197420012023134799931
000000197420012023135399930
000000197420012023135899931
000000197420012023142899930
000000197420012023143799931
000000197420012023144499930
000000197420012023150099931
000000197420012023150099931
000000197420012023150599930
000000197420012023152399931
000000197420012023153299930
000000197420012023153299930
000000197420012023155399931
000000197420012023161299930
000000631820012023075699910
000000631820012023075699930
000000631820012023111299931
000000631820012023111299931
000000631820012023115999920
000000631820012023125999921
000000631820012023162299930
000000631820012023170199931
000000631820012023170199911
000000030620012023075699910
000000030620012023075799911
000000210620012023075899910
000000210620012023110099920
000000210620012023120199921
000000210620012023170199911
000000225420012023080099910
000000225420012023122399920
000000225420012023132699921
000000225420012023170799911
000000906320012023080199910
000000906320012023115099920
000000906320012023125199921
000000906320012023125299921
000000906320012023170199911
000000063820012023080399910
000000063820012023122999920
000000063820012023133399921
000000063820012023180199911
000000781220012023080499910
000000781220012023143599920
000000781220012023153699921
000000781220012023200499911
000000299120012023080499910
000000299120012023125299920
000000299120012023135399921
000000299120012023135399921
000000299120012023165399911
000000029020012023080699910
000000029020012023094899930
000000029020012023101699931
000000029020012023122599920
000000029020012023142599921
000000029020012023180099911
000000302620012023081199910
000000302620012023120099920
000000302620012023130199921
000000302620012023171299911
000000292120012023081299910
000000292120012023144799920
000000292120012023154999921
000000292120012023171299911
000000028720012023081399910
000000028720012023083199920
000000028720012023093999921
000000028720012023124199930
000000028720012023130499931
000000028720012023133699911
000000030620012023084499910
000000030620012023115899920
000000030620012023125999921
000000030620012023172799911
000000746720012023085199910
000000746720012023130499920
000000746720012023143699921
000000746720012023181299911
000000609920012023085699910
000000609920012023141299920
000000609920012023151399921
000000694020012023085999910
000000694020012023122299920
000000694020012023133099921
000000694020012023180399911
000000890120012023090499910
000000890120012023125099920
000000890120012023135299921
000000890120012023173999911
000000083620012023091499910
000000083620012023165799911
000000689220012023092699910
000000689220012023120399920
000000689220012023130599921
000000689220012023143099911
000000487420012023094899910
000000487420012023123899920
000000487420012023134099921
000000487420012023152199911
000000764120012023095699910
000000764120012023130499920
000000764120012023140699921
000000764120012023175399911
000000905920012023095999910
000000905920012023095999911
000000859020012023105599910
000000859020012023145399920
000000859020012023155499921
000000859020012023191999911
000000006520012023105699910
000000006520012023105699920
000000006520012023125899921
000000006520012023125899911
000000414420012023105699910
000000414420012023141699920
000000414420012023151799921
000000414420012023191699911
000000007020012023105699910
000000007020012023112599911
000000007820012023105899910
000000007820012023105899920
000000007820012023125999921
000000007820012023125999911
000000007920012023110099910
000000007920012023110099920
000000007920012023130099921
000000007920012023130099911
000000006820012023110199910
000000006820012023110199920
000000006820012023130299921
000000006820012023130299911
000000007520012023110299910
000000007520012023110299920
000000007520012023125999921
000000007520012023125999911
000000007620012023110299910
000000007620012023110299920
000000007620012023130399921
000000007620012023130399911
000000007220012023110399910
000000007220012023110399920
000000007220012023130499921
000000007220012023130499911
000000830920012023114099910
000000830920012023123199920
000000830920012023133299921
000000830920012023162399911
000000007020012023115599910
000000007020012023154999911
000000758320012023115699910
000000758320012023171799920
000000758320012023181899921
000000758320012023195999911
000000292620012023121499910
000000292620012023121499920
000000292620012023131599921
000000292620012023174999911
000000905920012023131299910
000000905920012023131299920
000000905920012023141499921
000000905920012023141599911
000000149420012023132799910
000000149420012023132799911
000000007820012023152199910
000000007820012023152199911
000000409720012023155499910
000000409720012023155499911
000000007520012023163199910
000000007520012023163199911
000000006520012023163299910
000000006520012023163299911
000000007220012023163499910
000000007220012023163499911
000000007420012023163799910
000000007420012023163799911
000000007920012023163899910
000000007920012023163899911
000000007620012023164199910
000000007620012023164199911
000000689220012023164499910
000000689220012023164499911
000000006820012023165799910
000000006820012023165799911
000000149420012023182299910
000000149420012023182299920
000000905920012023190999910
000000905920012023191099911
000000149420012023201399910
000000149420012023201399911
