000000083601022023083899911
000000028701022023042999910
000000028701022023071599911
000000006801022023045499910
000000006801022023071999930
000000006801022023080099931
000000006801022023091199930
000000006801022023102799931
000000006801022023104099920
000000006801022023114199921
000000006801022023125799911
000000007601022023050199910
000000007601022023080599911
000000006501022023050199910
000000006501022023105399920
000000006501022023115499921
000000006501022023144699911
000000006601022023052799910
000000006601022023100199920
000000006601022023110099921
000000006601022023110199911
000000409701022023055599910
000000409701022023055699911
000000171101022023055599910
000000171101022023055799911
000000609901022023055699910
000000609901022023093099911
000000296401022023060099910
000000296401022023100199920
000000296401022023110299921
000000296401022023142099911
000000007001022023060299910
000000007001022023081299930
000000007001022023085599931
000000007001022023093199930
000000007001022023094499931
000000007001022023094599920
000000007001022023104699921
000000007001022023114299930
000000007001022023123299931
000000007001022023143099911
000000487501022023060399910
000000487501022023060399911
000000409701022023060899910
000000409701022023090299930
000000409701022023095899931
000000409701022023095899920
000000409701022023110199921
000000409701022023110199911
000000006701022023062599910
000000006701022023102299920
000000006701022023112299921
000000006701022023112299911
000000487501022023063299910
000000487501022023063299911
000000487501022023063899910
000000487501022023100599920
000000487501022023110699921
000000487501022023135399911
000000171101022023065299910
000000171101022023111199911
000000590901022023065599910
000000590901022023065599911
000000634101022023065599910
000000634101022023110799920
000000634101022023121799921
000000634101022023110799920
000000634101022023153999911
000000830901022023065599910
000000830901022023122499920
000000830901022023132699921
000000830901022023152899911
000000591301022023065599910
000000591301022023125599920
000000591301022023135699921
000000591301022023153899911
000000525101022023065799910
000000525101022023112199920
000000525101022023122599921
000000731501022023065799910
000000731501022023111599920
000000731501022023121699921
000000731501022023150399911
000000452801022023065799910
000000452801022023124099920
000000452801022023134199921
000000452801022023143199911
000000487401022023065899910
000000487401022023084199911
000000007401022023065899910
000000007401022023065899911
000000007301022023065899910
000000007301022023065899911
000000007901022023065899910
000000007901022023065999911
000000007801022023065999910
000000007801022023110699920
000000007801022023130799921
000000689201022023065999910
000000689201022023111599920
000000689201022023121699921
000000689201022023154999911
000000007501022023070099910
000000007501022023070099911
000000639101022023070299910
000000639101022023115399920
000000639101022023125699921
000000639101022023153999911
000000500701022023070399910
000000500701022023121899911
000000005701022023070699910
000000005701022023091699911
000000487401022023072199910
000000487401022023113899920
000000487401022023124199921
000000487401022023124499911
000000034501022023072599910
000000034501022023122999920
000000034501022023142999921
000000034501022023172799911
000000021701022023072799910
000000021701022023110099920
000000021701022023130099921
000000021701022023173099911
000000292601022023072799910
000000292601022023104899911
000000052801022023072799910
000000052801022023114899920
000000052801022023125099921
000000052801022023163099911
000000488701022023072899910
000000488701022023114199920
000000488701022023124399921
000000268901022023072999910
000000268901022023075799911
000000731701022023072999910
000000731701022023120099920
000000731701022023140099921
000000190501022023073399910
000000190501022023111499920
000000190501022023131399921
000000906301022023075099910
000000906301022023120799920
000000906301022023131099921
000000906301022023170199911
000000416201022023075599910
000000416201022023114799920
000000416201022023134899921
000000416201022023114799920
000000416201022023150599930
000000416201022023165999931
000000197401022023075599910
000000197401022023075599930
000000197401022023075799931
000000197401022023080499930
000000197401022023081599931
000000197401022023083099930
000000197401022023085199931
000000197401022023090199930
000000197401022023092199931
000000197401022023092199931
000000197401022023092799930
000000197401022023093199931
000000197401022023093699930
000000197401022023094199931
000000197401022023094499930
000000197401022023094799931
000000197401022023094899930
000000197401022023100299931
000000197401022023101499930
000000197401022023102199931
000000197401022023102499930
000000197401022023105399931
000000197401022023110399930
000000197401022023110799931
000000197401022023111799930
000000197401022023112599931
000000197401022023113199930
000000197401022023113799931
000000197401022023114999930
000000197401022023115899931
000000197401022023120399920
000000197401022023130399921
000000197401022023130999930
000000197401022023131999931
000000197401022023132399930
000000197401022023132899931
000000197401022023133499930
000000197401022023134699931
000000197401022023135499930
000000197401022023142099931
000000197401022023143299930
000000197401022023144999931
000000197401022023150399930
000000197401022023151799931
000000197401022023152399930
000000197401022023152899931
000000197401022023153799930
000000197401022023155199931
000000197401022023155499930
000000846601022023075799910
000000846601022023110199920
000000846601022023125899921
000000210601022023075899910
000000210601022023113999920
000000210601022023124099921
000000210601022023170099911
000000030601022023075899910
000000030601022023134499920
000000030601022023144899921
000000030601022023165699911
000000408901022023075899910
000000408901022023113399920
000000408901022023123599921
000000408901022023171299911
000000302601022023080099910
000000302601022023120099920
000000302601022023130199921
000000302601022023170199911
000000738201022023080099910
000000738201022023114099920
000000738201022023134199921
000000738201022023180099911
000000029001022023080599910
000000029001022023103299930
000000029001022023110499931
000000029001022023121099920
000000029001022023141099921
000000029001022023180099911
000000483201022023080599910
000000483201022023114199920
000000483201022023124299921
000000483201022023165299911
000000292101022023081099910
000000292101022023121399920
000000292101022023131599921
000000292101022023171699911
000000028701022023081399910
000000028701022023081399911
000000028701022023081499910
000000028701022023081499930
000000028701022023083499931
000000028701022023083499920
000000028701022023093599921
000000028701022023123999930
000000028701022023130499931
000000028701022023130499931
000000028701022023130899930
000000028701022023131999931
000000028701022023133799911
000000343201022023082699910
000000343201022023133299920
000000343201022023152199921
000000343201022023172199911
000000007601022023083899910
000000007601022023114199920
000000007601022023124299921
000000007601022023114199920
000000007601022023155599911
000000746701022023085199910
000000746701022023130799920
000000746701022023143999921
000000746701022023181299911
000000890101022023085999910
000000890101022023122099920
000000890101022023132199921
000000890101022023174399911
000000694001022023090099910
000000694001022023121299920
000000694001022023132199921
000000694001022023180599911
000000781201022023093199910
000000781201022023131699920
000000781201022023141799921
000000781201022023201799911
000000239501022023101099910
000000239501022023101099910
000000239501022023111299920
000000239501022023122199921
000000859001022023104199910
000000859001022023143699920
000000859001022023154099921
000000859001022023192299911
000000414401022023105699910
000000414401022023143299920
000000414401022023153899921
000000414401022023192699911
000000007501022023105899910
000000007501022023105899920
000000007501022023130599921
000000007501022023130599911
000000007901022023105999910
000000007901022023105999920
000000007901022023130099921
000000007901022023130099911
000000007301022023105999910
000000007301022023105999920
000000007301022023130099921
000000007301022023130099911
000000764101022023110099910
000000764101022023144699920
000000764101022023154899921
000000764101022023201899911
000000007401022023110199910
000000007401022023110299920
000000007401022023130399921
000000007401022023130399911
000000883701022023110499910
000000883701022023143199920
000000883701022023153399921
000000883701022023143199920
000000883701022023192299911
000000171101022023111299910
000000171101022023111299920
000000171101022023121499921
000000171101022023165199911
000000006701022023112999910
000000006701022023152799911
000000590901022023115899910
000000590901022023115899920
000000590901022023125999921
000000590901022023125999921
000000590901022023154799911
000000758301022023120199910
000000758301022023170299920
000000758301022023180399921
000000905901022023125099910
000000905901022023125099920
000000905901022023135099921
000000905901022023135599911
000000149401022023125899910
000000149401022023125899911
000000487401022023131199910
000000487401022023162499911
000000006801022023133099910
000000006801022023133099911
000000905901022023135599911
000000487501022023141799910
000000487501022023141799911
000000006601022023150999910
000000006601022023150999911
000000005701022023154399910
000000005701022023171499911
000000007401022023162999910
000000007401022023162999911
000000083601022023163299910
000000239501022023163299911
000000007301022023163599910
000000007301022023163599911
000000007501022023163899910
000000007501022023163899911
000000292601022023170099910
000000292601022023170199911
000000149401022023174999910
000000149401022023174999920
000000149401022023185299921
000000905901022023185199910
000000905901022023185199911
000000149401022023214399910
