000000005724042023103599911
000000758324042023123499921
000000758324042023123499911
000000343224042023084799911
000000006824042023050099910
000000006824042023072799930
000000006824042023082099931
000000006824042023094199930
000000006824042023112299931
000000006824042023113499920
000000006824042023123599921
000000006824042023134499911
000000006624042023050599910
000000006624042023100099920
000000006624042023112399921
000000006624042023160399911
000000007024042023055899910
000000007024042023055899911
000000171124042023060499910
000000171124042023100199920
000000171124042023110399921
000000171124042023155199911
000000487424042023060499910
000000487424042023060999911
000000409724042023060499910
000000409724042023104499920
000000409724042023115199921
000000409724042023115199930
000000409724042023153499931
000000409724042023183099911
000000634224042023060599910
000000634224042023090599911
000000487524042023060699910
000000487524042023100099920
000000487524042023110299921
000000487524042023160599911
000000296424042023060699910
000000296424042023110899920
000000296424042023120999921
000000296424042023161699911
000000525124042023060799910
000000525124042023060799911
000000622224042023060899910
000000622224042023103799920
000000622224042023114299921
000000622224042023143699911
000000525124042023061499910
000000525124042023104499920
000000525124042023115699921
000000525124042023164799911
000000487424042023061599910
000000487424042023100899920
000000487424042023111199921
000000487424042023163899911
000000830924042023065599910
000000830924042023111099920
000000830924042023121199921
000000830924042023145199911
000000634124042023065599910
000000634124042023065599910
000000634124042023115999920
000000634124042023130199921
000000634124042023065599910
000000634124042023065599910
000000634124042023065599910
000000634124042023065599910
000000634124042023065599910
000000452824042023065599910
000000452824042023120399920
000000452824042023130399921
000000452824042023162799911
000000639124042023065799910
000000639124042023114599920
000000639124042023124699921
000000639124042023163699911
000000007424042023065899910
000000007424042023110599920
000000007424042023130699921
000000007424042023164899911
000000590924042023065899910
000000590924042023121199920
000000590924042023131299921
000000590924042023143399911
000000007324042023065899910
000000007324042023110299920
000000007324042023130399921
000000007324042023130399911
000000006724042023065899910
000000006724042023065899911
000000007824042023065899910
000000007824042023065899911
000000005724042023065899910
000000005724042023065899910
000000005724042023065899911
000000007924042023065899910
000000007924042023065899911
000000006524042023065999910
000000006524042023065999911
000000007624042023070099910
000000007624042023070099911
000000083624042023070199910
000000083624042023070799930
000000083624042023093199931
000000083624042023114599920
000000083624042023134699921
000000083624042023134699921
000000083624042023134699930
000000083624042023153599931
000000083624042023170199911
000000007524042023070299910
000000007524042023070299911
000000239524042023070799910
000000239524042023113999920
000000239524042023124099921
000000239524042023165899911
000000652424042023071699910
000000652424042023114599920
000000652424042023124799921
000000652424042023161899911
000000153324042023071999910
000000153324042023112899920
000000153324042023132999921
000000153324042023151699930
000000153324042023153899931
000000153324042023172199911
000000306824042023072099910
000000190524042023072599910
000000190524042023111999920
000000190524042023131899921
000000190524042023173399911
000000034524042023072599910
000000034524042023113099920
000000034524042023133099921
000000034524042023172599911
000000268924042023072799910
000000268924042023114499920
000000268924042023124599921
000000052824042023072799910
000000052824042023114399920
000000052824042023124699921
000000488724042023072799910
000000488724042023115999920
000000488724042023130099921
000000488724042023163099911
000000535124042023073099910
000000535124042023073099911
000000483224042023073199910
000000483224042023113199920
000000483224042023123299921
000000483224042023163199911
000000266424042023075199910
000000266424042023123199920
000000266424042023134299921
000000266424042023170199911
000000846624042023075599910
000000846624042023120799920
000000846624042023141099921
000000846624042023174199911
000000631824042023075599910
000000631824042023075599930
000000631824042023080899931
000000631824042023121299920
000000631824042023131399921
000000631824042023174299911
000000197424042023075599910
000000197424042023075599930
000000197424042023080699931
000000197424042023083399930
000000197424042023091299931
000000197424042023094199930
000000197424042023100399931
000000197424042023100999930
000000197424042023103999930
000000197424042023111099931
000000197424042023112399930
000000197424042023120199931
000000197424042023120199920
000000197424042023130299921
000000197424042023130299930
000000197424042023165799931
000000197424042023165799911
000000416224042023075699910
000000416224042023120099920
000000416224042023140299921
000000416224042023174899911
000000299124042023075799910
000000299124042023121899920
000000299124042023132099921
000000299124042023183799911
000000292624042023075999910
000000292624042023120399920
000000292624042023130899921
000000292624042023170499911
000000695224042023075999910
000000695224042023123699920
000000695224042023134099921
000antonio24042023080099910
000000736124042023080099910
000000736124042023132299920
000000736124042023142299921
000000736124042023171799911
000000738224042023080099910
000000738224042023120799920
000000738224042023140899921
000000738224042023180099911
000000302624042023080099910
000000906324042023080099910
000000906324042023130399920
000000906324042023140399921
000000906324042023170099911
000000030624042023080099910
000000030624042023080199911
000000292124042023080799910
000000292124042023122299920
000000292124042023132299921
000000292124042023165599911
000000742524042023080799910
000000742524042023121899920
000000742524042023131999921
000000742524042023181599911
000000063824042023080799910
000000063824042023133599920
000000063824042023143899921
000000063824042023172099911
000000210624042023080999910
000000210624042023123799920
000000210624042023133899921
000000210624042023171399911
000000767524042023081699910
000000767524042023123799920
000000767524042023133899921
000000767524042023171199911
000000617924042023082299910
000000617924042023085099930
000000617924042023091199931
000000617924042023092799930
000000617924042023092899931
000000617924042023112999920
000000617924042023131299921
000000617924042023172799911
000000030624042023083199910
000000030624042023130799911
000000343224042023084799910
000000343224042023121899920
000000343224042023140099921
000000343224042023173699911
000000746724042023085599910
000000746724042023141799920
000000746724042023155099921
000000746724042023181299911
000000609924042023085599910
000000609924042023093499911
000000905924042023085599910
000000905924042023121299920
000000905924042023131499921
000000905924042023132199911
000000694024042023090099910
000000694024042023121099920
000000694024042023131799921
000000694024042023180399911
000000500724042023095699910
000000500724042023102799930
000000500724042023124699931
000000500724042023124699931
000000500724042023132099911
000000007824042023100099910
000000007824042023115199920
000000007824042023125399921
000000007824042023115199920
000000634224042023100199910
000000634224042023100199920
000000634224042023110399921
000000634224042023135799911
000000414424042023105599910
000000414424042023143299920
000000414424042023153399921
000000414424042023191599911
000000764124042023105699910
000000764124042023140099920
000000764124042023150299921
000000764124042023191899911
000000883724042023105799910
000000883724042023142299920
000000883724042023152499921
000000883724042023152499921
000000883724042023173199911
000000007924042023105899910
000000007924042023105899920
000000007924042023125999921
000000007924042023125999911
000000006524042023105999910
000000006524042023105999911
000000006524042023105999910
000000006524042023105999920
000000006524042023120099921
000000006524042023120099911
000000006724042023110199910
000000006724042023110199920
000000006724042023130199921
000000006724042023130199911
000000007624042023110199910
000000007624042023110199920
000000007624042023130199921
000000007624042023130199911
000000005724042023110299910
000000005724042023110299920
000000005724042023130399921
000000005724042023130399911
000000758324042023115799910
000000758324042023115899911
000000030624042023131599910
000000030624042023135699920
000000030624042023145899921
000000030624042023175299911
000000500724042023133199910
000000500724042023145599920
000000500724042023155699921
000000500724042023161899930
000000500724042023175099931
000000500724042023175099931
000000007024042023143099910
000000007024042023143099911
000000634124042023151599911
000000634124042023151599911
000000634124042023151599911
000000758324042023152599910
000000758324042023152799920
000000758324042023162999921
000000758324042023162999911
000000006524042023154199910
000000006524042023154199911
000000695224042023163799910
000000695224042023170499911
000000007624042023164199910
000000007624042023164199911
000000007524042023164999910
000000007524042023164999911
000000006724042023165899910
000000006724042023165899911
000000007924042023173099910
000000007924042023173099911
000000007324042023173199910
000000007324042023173199911
000000005724042023173299910
000000005724042023173299911
000000758324042023205799910
000000758324042023205799911
