000000731703012023052399911
000000012203012023085199911
000000028703012023043299910
000000028703012023071099911
000000006703012023045599910
000000006703012023052399930
000000006703012023053099931
000000006703012023070699930
000000006703012023075999931
000000006703012023091499930
000000006703012023110099931
000000006703012023110099920
000000006703012023120099921
000000006703012023124499930
000000006703012023124899931
000000006703012023133499911
000000007703012023045999910
000000007703012023081199930
000000007703012023093499931
000000007703012023104099920
000000007703012023114299921
000000007703012023153099911
000000006603012023052799910
000000006603012023111099920
000000006603012023121199921
000000006603012023150099911
000000609903012023055599910
000000609903012023075599911
000000171103012023055899910
000000171103012023100499920
000000171103012023110599921
000000171103012023151999911
000000500703012023060799910
000000500703012023093699930
000000500703012023101499931
000000500703012023101599920
000000500703012023111699921
000000500703012023111999930
000000500703012023112799931
000000500703012023152599911
000000409703012023060899910
000000409703012023090499930
000000409703012023100799931
000000409703012023102999920
000000409703012023113599921
000000409703012023143099911
000000634203012023060999910
000000634203012023110499920
000000634203012023120599921
000000634203012023120599930
000000634203012023135499931
000000634203012023143999911
000000487503012023060999910
000000487503012023101899920
000000487503012023112099921
000000487503012023141899911
0francisco03012023064099910
0francisco03012023113099920
0francisco03012023133099921
0francisco03012023173099911
000000300903012023064899910
000000300903012023111299920
000000300903012023121599921
000000300903012023121599921
000000300903012023161499911
000000590903012023065599910
000000590903012023113699920
000000590903012023123799921
000000590903012023150099911
000000591303012023065699910
000000591303012023065699911
000000639103012023065699910
000000639103012023065699911
000000525103012023065699910
000000525103012023094699911
000000007003012023065699910
000000007003012023084099930
000000007003012023102099931
000000007003012023111499920
000000007003012023131599921
000000007003012023142499911
000000007403012023065699910
000000007403012023065699911
000000007803012023065799910
000000007803012023065799911
000000830903012023065799910
000000830903012023124499920
000000830903012023134799921
000000830903012023154399911
000000452803012023065799910
000000452803012023110599920
000000452803012023120899921
000000452803012023152399911
000000007503012023065799910
000000007503012023065799911
000000487403012023065799910
000000487403012023122499920
000000487403012023132699921
000000007903012023065799910
000000007903012023065799911
000000005703012023065799910
000000005703012023065799911
000000731503012023065999910
000000731503012023120099920
000000731503012023130299921
000000731503012023151999911
000000006503012023065999910
000000006503012023065999911
000000007603012023070199910
000000007603012023110699920
000000007603012023130599921
000000007603012023140299911
000000591303012023070199910
000000591303012023101699911
000000652403012023070299910
000000652403012023114999911
000000006803012023070299910
000000006803012023070299911
000000689203012023070499910
000000689203012023070499911
000000622203012023071299910
000000622203012023111699920
000000622203012023121799921
000000622203012023141599911
000025477003012023072099910
000025477003012023110099920
000025477003012023130099921
000000008503012023072199910
000000008503012023112899920
000000008503012023133399921
000000008503012023133699930
000000008503012023151299931
000000008503012023172799911
000000731703012023072699910
000000731703012023110299920
000000731703012023130199921
00000DIEGO03012023072799910
00000DIEGO03012023072799911
000000010903012023072899910
000000010903012023111799920
000000010903012023131799921
000000010903012023172899911
000000488703012023072999910
000000488703012023113699920
000000488703012023123799921
000000488703012023162999911
00000SOUSA03012023072999910
00000SOUSA03012023111899920
00000SOUSA03012023131599921
000000416203012023072999910
000000416203012023074899930
000000416203012023081099931
000000416203012023115899920
000000416203012023140099921
000000416203012023162499930
000000416203012023165899931
000000416203012023171199930
000000416203012023174299931
000000416203012023174299911
000000535103012023073999910
000000535103012023113999940
000000535103012023124299941
000000535103012023163199911
00000DIEGO03012023074699910
00000DIEGO03012023113799920
00000DIEGO03012023123899921
00000DIEGO03012023162699911
00000COSTA03012023074899910
00000COSTA03012023110399920
00000COSTA03012023130699921
00000COSTA03012023175299911
000000266403012023075299910
000000266403012023121199920
000000266403012023132299921
000000030603012023075599910
000000292603012023075599910
000000292603012023120999920
000000292603012023131199921
000000292603012023184799911
000000197403012023075599910
000000197403012023075599930
000000197403012023101399931
000000197403012023101399931
000000197403012023102799930
000000197403012023111699931
000000197403012023111699931
000000197403012023111699931
000000197403012023112899930
000000197403012023120099931
000000197403012023120099920
000000197403012023130199921
000000197403012023130199930
000000197403012023165799931
000000197403012023165799931
000000197403012023165799911
000000063803012023075599910
000000063803012023121599920
000000063803012023131799921
000000063803012023171599911
000000631803012023075599910
000000631803012023075699930
000000631803012023094699931
000000631803012023125299920
000000631803012023135399921
000000631803012023144199930
000000631803012023170299931
000000631803012023170299911
0000INGMAR03012023075699910
0000INGMAR03012023142399920
0000INGMAR03012023153099921
0000INGMAR03012023160199911
000000210603012023075899910
000000210603012023110499920
000000210603012023120699921
000000210603012023170099911
000000006503012023075999910
000000006503012023114699920
000000006503012023124799921
000000006503012023173699911
000000028703012023075999910
000000028703012023075999930
000000028703012023083099931
000000028703012023083299920
000000028703012023093499921
000000028703012023123699930
000000028703012023130499931
000000028703012023133299911
0000wagner03012023080099910
0000wagner03012023123399920
0000wagner03012023143499921
0000wagner03012023180099911
000000302603012023080099910
000000302603012023122599920
000000302603012023132699921
000000302603012023170099911
000000225403012023080199910
000000225403012023114799920
000000225403012023125199921
000000225403012023172699911
000000906303012023080599910
000000906303012023131499920
000000906303012023141599921
000000906303012023183399911
000000292103012023080699910
000000292103012023124499920
000000292103012023134699921
000000292103012023170999911
000000609903012023084099910
000000609903012023093399911
000000012203012023085199910
000000012203012023130699920
000000012203012023143799921
000000012203012023181399911
000000052803012023085799910
000000052803012023095799911
000000890103012023085899910
000000890103012023122699920
000000890103012023132999921
000000890103012023172899911
000000694003012023090099910
000000694003012023120699920
000000694003012023131099921
000000694003012023180799911
000000905903012023095599910
000000905903012023095599911
000000764103012023095599910
000000764103012023142799920
000000764103012023152899921
000000052803012023095999910
000000052803012023130499920
000000052803012023140599921
000000052803012023180099911
000000591303012023102199910
000000591303012023131799920
000000591303012023141999921
000000591303012023152499911
000000030603012023102299910
000000030603012023130699920
000000030603012023140799921
000000030603012023170799911
000000609903012023104699910
000000609903012023110099920
000000609903012023120299921
000000609903012023150099911
000000525103012023104699910
000000525103012023113999920
000000525103012023124499921
000000008303012023104699910
000000008303012023165099911
000000007903012023105699910
000000007903012023105699920
000000007903012023125799921
000000007903012023125799911
000000005703012023105899910
000000005703012023105999920
000000005703012023125999921
000000005703012023125999911
000000007803012023105899910
000000007803012023105899920
000000007803012023130199921
000000007803012023130199911
000000007403012023105899910
000000007403012023105899920
000000007403012023125899921
000000007403012023125899911
000000006803012023105999910
000000006803012023105999920
000000006803012023130399921
000000006803012023130399911
000000414403012023110499910
000000414403012023140299920
000000414403012023150399921
000000414403012023191599911
000000689203012023113799910
000000689203012023120899920
000000689203012023131099921
000000689203012023144199911
000000758303012023115799910
000000758303012023171099920
000000758303012023181199921
000000758303012023193199911
000000149403012023125999910
000000149403012023125999911
000000639103012023151199910
000000639103012023151599911
000000689203012023151699910
000000689203012023151699911
000000652403012023154399910
000000652403012023154499911
000000007803012023160199910
000000007803012023160199911
000000005703012023160199910
000000005703012023160199911
000000007003012023160299910
000000007003012023160299911
000000007403012023160499910
000000007403012023160499911
000000007903012023160699910
000000007903012023160699911
000000007603012023160899910
000000007603012023160899911
000000006803012023163299910
000000006803012023163299911
000000009103012023110399920
000000009103012023130599921
000000009103012023173099911
000000149403012023173499910
000000149403012023173499920
000000149403012023190199921
000000149403012023190199911
000000905903012023192799910
000000905903012023192799911
000000758303012023195699910
000000758303012023195699911
000000149403012023214099910
000000149403012023214199911
