000000883731122022075999911
000000007631122022071299921
000000007631122022071299911
000000006731122022052599910
000000006731122022073199911
000000609931122022055599910
000000609931122022100099911
000000011031122022065999910
000000011031122022073099911
000000008531122022065999910
000000008531122022120799911
000000007431122022070099910
000000007431122022070099911
000000007331122022070099910
000000007331122022070099911
000000007831122022070099910
000000007831122022070099911
000000006631122022070099910
000000006631122022070199911
000000007631122022070099910
000000007631122022070099911
000000005731122022070199910
000000005731122022070199911
000000006531122022070199910
000000006531122022070199911
000000007531122022070199910
000000007531122022070199911
000000007731122022070199910
000000007731122022070199911
000000007031122022070299910
000000007031122022070299911
000000731531122022070299910
000000731531122022070299911
000000009131122022070299910
000000009131122022070299911
000000006831122022070399910
000000006831122022070399911
000000830931122022070899910
000000830931122022135899911
000000012231122022071399910
000000012231122022115799940
000000012231122022121299941
000000012231122022130299911
000000622231122022071899910
000000622231122022071899911
000000416231122022072599910
000000416231122022072599930
000000416231122022074399931
000000416231122022104399930
000000416231122022105699931
000000416231122022125599911
00000souza31122022072899910
00000souza31122022113099911
000000011031122022073399910
000000011031122022110099920
000000011031122022120299921
000000011031122022143099911
000000006731122022073599910
000000414431122022075199910
000000414431122022124799911
000000266431122022075399910
000000266431122022115899911
000000631831122022075599910
000000631831122022075599930
000000631831122022081299931
000000631831122022081299931
000000631831122022111499930
000000631831122022113499931
000000631831122022113499911
0francisco31122022075699910
0francisco31122022104599940
0francisco31122022110399941
0francisco31122022132699911
000000731531122022075699910
000000731531122022115499940
000000731531122022121099941
000000731531122022130499911
000000268931122022075699910
000000268931122022075799930
000000268931122022115899931
000000268931122022115899911
000000488731122022075699910
000000488731122022115799911
00000DIEGO31122022075799910
00000DIEGO31122022075799911
00000COSTA31122022075899910
00000COSTA31122022130199911
000000525131122022075899910
000000883731122022075999910
000000535131122022075999910
000000535131122022115799911
00000SOUSA31122022075999910
00000SOUSA31122022110099911
000000859031122022080099910
000000859031122022114999911
0000wagner31122022080099910
0000wagner31122022120099911
0000INGMAR31122022080199910
0000INGMAR31122022130799911
000000008331122022081199910
000000008331122022112999911
000000764131122022085699910
000000764131122022122599911
000000905931122022085799910
000000905931122022085799911
000000694031122022090399910
000000694031122022123199911
000000052831122022110599910
000000052831122022111299911
000000622231122022115199910
000000622231122022115199911
00000DIEGO31122022115599910
00000DIEGO31122022115699911
000000905931122022123599910
000000905931122022123599911
