000000007711042023050099910
000000007711042023074899911
000000006611042023052799910
000000006611042023120199920
000000006611042023130199921
000000006611042023155899911
000000535111042023055599910
000000535111042023111699920
000000535111042023121899921
000000535111042023154499911
000000171111042023055799910
000000171111042023055999911
000000409711042023055999910
000000409711042023090199930
000000409711042023101199931
000000409711042023101199931
000000409711042023103899920
000000409711042023114299921
000000409711042023114299930
000000409711042023121699931
000000409711042023153499911
000000487411042023055999910
000000487411042023061599911
000000296411042023060099910
000000296411042023103099920
000000296411042023113199921
000000296411042023160299911
000000525111042023060099910
000000525111042023060999911
000000487511042023060599910
000000487511042023110099920
000000487511042023120399921
000000487511042023150099911
000000634211042023060699910
000000634211042023090199930
000000634211042023103799931
000000634211042023103799920
000000634211042023114199921
000000634211042023164399911
000000525111042023061199910
000000525111042023114799911
000000487411042023061399910
000000487411042023112099920
000000487411042023122299921
000000171111042023061999910
000000171111042023100099920
000000171111042023110199921
000000171111042023143199911
000000306811042023062099910
000000306811042023112499920
000000306811042023132499921
000000306811042023170899911
000000634111042023065499910
000000634111042023111199920
000000634111042023111199920
000000634111042023111199920
000000634111042023111199920
000000452811042023065499910
000000452811042023111299911
000000830911042023065599910
000000830911042023115199920
000000830911042023125399921
000000830911042023152499911
000000007311042023065599910
000000007311042023065599911
000000083611042023065699910
000000083611042023070599930
000000083611042023090699931
000000083611042023090699931
000000083611042023090699931
000000083611042023125799920
000000083611042023145999921
000000083611042023170099911
000000007011042023065699910
000000007011042023065699911
000000639111042023065699910
000000639111042023121699920
000000639111042023131699921
000000639111042023151399911
000000006711042023065699910
000000006711042023065799930
000000006711042023072299931
000000006711042023075499930
000000006711042023080599931
000000006711042023085799930
000000006711042023103999931
000000006711042023085799930
000000006711042023112899920
000000006711042023122899921
000000006711042023130199911
000000006511042023065699910
000000006511042023115199920
000000006511042023125499921
000000006511042023115199920
000000006511042023173599911
000000007811042023065799910
000000007811042023065799911
000000590911042023065799910
000000590911042023115399920
000000590911042023125499921
000000590911042023153999911
000000005711042023065799910
000000007911042023065799910
000000007911042023065799911
000000007511042023065999910
000000007511042023065999911
000000689211042023070099910
000000689211042023120699920
000000689211042023130699921
000000689211042023153799911
000000006811042023070199910
000000006811042023085099930
000000006811042023095099931
000000006811042023095099931
000000006811042023095099931
000000006811042023110199920
000000006811042023130499921
000000006811042023135899911
000000591311042023070399910
000000591311042023121899920
000000591311042023132199921
000000591311042023154099911
000000239511042023070799910
000000239511042023113099920
000000239511042023123199921
000000239511042023164099911
000000030611042023070999910
000000030611042023070999911
000000622211042023071599910
000000622211042023094799920
000000153311042023071699910
000000153311042023121199920
000000153311042023141199921
000000030611042023071799910
000000030611042023104399911
000000731711042023072599910
000000731711042023111099920
000000731711042023130999921
000000731711042023172999911
000000034511042023072599910
000000034511042023113699920
000000034511042023133699921
000000034511042023172899911
000000268911042023072799910
000000268911042023113799920
000000268911042023123899921
000000268911042023162899911
000000052811042023072799910
000000052811042023114299920
000000052811042023124399921
000000052811042023163599911
000000021711042023072799910
000000021711042023113099920
000000021711042023133099921
000000021711042023173099911
000000488711042023072899910
000000488711042023072999911
000000483211042023072899910
000000483211042023113199920
000000483211042023123499921
000000483211042023163299911
000000652411042023072999910
000000652411042023120699920
000000652411042023130899921
000000652411042023164799911
000000190511042023073099910
000000190511042023111999920
000000190511042023132299921
000000190511042023173899911
000000846611042023074799910
000000846611042023110099920
000000846611042023125999921
000000846611042023173699911
000000266411042023075099910
000000266411042023120899920
000000266411042023131999921
000000197411042023075599910
000000197411042023075799930
000000197411042023080499931
000000197411042023080499911
000000631811042023075599910
000000631811042023075599930
000000631811042023082199931
000000631811042023111399930
000000631811042023115999931
000000631811042023115999920
000000631811042023130199921
000000631811042023130199930
000000631811042023165899931
000000631811042023165899911
000000695211042023075599910
000000695211042023120299920
000000695211042023130499921
000000695211042023120299920
000000695211042023161499911
000000488711042023075699910
000000488711042023112999920
000000488711042023123099921
000000488711042023162799911
000000408911042023075799910
000000408911042023114599920
000000408911042023124699921
000000408911042023170099911
000000063811042023075899910
000000063811042023125899920
000000063811042023140099921
000000063811042023173399911
000000210611042023075999910
000000210611042023123399920
000000210611042023133599921
000000210611042023171299911
000000292611042023075999910
000000292611042023120899920
000000292611042023131199921
000000292611042023170099911
000000738211042023080099910
000000738211042023122999920
000000738211042023142999921
000000738211042023180099911
000000299111042023080199910
000000299111042023121099920
000000299111042023131199921
000000302611042023080299910
000000302611042023121199920
000000302611042023131399921
000000302611042023170399911
000000292111042023080699910
000000292111042023124099920
000000292111042023134199921
000000292111042023171799911
000000906311042023081099910
000000906311042023115999920
000000906311042023130399921
000000742511042023081199910
000000742511042023115599920
000000742511042023125699921
000000617911042023082699910
000000617911042023112699920
000000617911042023125199921
000000617911042023170899911
000000005711042023082999910
000000005711042023115699920
000000005711042023125799921
000000005711042023163299911
000000746711042023085099910
000000746711042023113399920
000000746711042023130299921
000000746711042023181199911
000000890111042023085699910
000000890111042023142499920
000000890111042023152499921
000000890111042023175799911
000000764111042023085799910
000000764111042023130999920
000000764111042023141399921
000000694011042023090399910
000000694011042023121599920
000000694011042023132399921
000000416211042023093699910
000000416211042023093699930
000000416211042023094799931
000000416211042023115599920
000000416211042023135699921
000000416211042023175699911
000000758311042023094699910
000000758311042023132999920
000000758311042023143299921
000000859011042023095599910
000000859011042023112599911
000000030611042023105299910
000000030611042023142699911
000000905911042023105499910
000000905911042023140399920
000000905911042023150499921
000000883711042023105599910
000000883711042023141099920
000000883711042023141099920
000000883711042023141099920
000000883711042023141099920
000000883711042023141099920
000000883711042023141099920
000000883711042023141099920
000000007511042023105899910
000000007511042023105899920
000000007511042023130599921
000000007511042023130599911
000000007311042023105999910
000000007311042023105999920
000000007311042023130099921
000000007311042023130099911
000000007811042023110099910
000000007811042023110099920
000000007811042023130599921
000000007811042023110099920
000000007811042023130699911
000000007011042023110299910
000000007011042023110299920
000000007011042023130399921
000000007011042023130399911
000000414411042023110299911
000000414411042023110299910
000000414411042023110299910
000000414411042023142399911
000000197411042023110999910
000000197411042023114099930
000000197411042023114299931
000000197411042023115099930
000000197411042023120299931
000000197411042023120399920
000000197411042023130499921
000000197411042023131199930
000000197411042023135999931
000000197411042023142499930
000000197411042023143499931
000000197411042023143799930
000000197411042023165699931
000000197411042023165699911
000000452811042023113299910
000000452811042023115299920
000000452811042023125399921
000000452811042023144099911
000000007411042023115199910
000000007411042023153199911
000000767511042023120999910
000000767511042023121099920
000000767511042023131799921
000000767511042023180899911
000000622211042023124799910
000000622211042023171099911
000000500711042023125799910
000000500711042023130299911
000000007911042023130699921
000000007911042023130699911
000000500711042023130699910
000000500711042023155599920
000000500711042023165699921
000000500711042023212899911
000000859011042023142599910
000000859011042023142599920
000000859011042023152699921
000000030611042023142899910
000000030611042023142899920
000000030611042023152999921
000000030611042023172699911
000000006711042023155799910
000000006711042023155799911
000000007311042023162999910
000000007311042023162999911
000000695211042023163099910
000000695211042023163099910
000000007911042023163899910
000000007911042023163899910
000000007911042023163899910
000000007911042023163899910
000000007911042023163899910
000000007911042023163899910
000000007911042023163899910
000000007911042023163899910
000000007911042023163899910
000000007911042023163899910
000000007911042023163899911
000000007911042023163899911
000000007911042023163899911
000000758311042023164899910
000000758311042023164899911
000000007511042023170399910
000000007511042023170399911
000000007811042023170699910
000000007811042023170699911
000000006811042023170899910
000000006811042023170899911
000000007011042023172199910
000000007011042023172199911
000000695211042023172699911
000000695211042023172699911
000000414411042023175799910
