000000634109022023065699911
000000083609022023080799911
000000006509022023050099910
000000006509022023080199911
000000488709022023055599910
000000488709022023092099911
000000011009022023055899910
000000011009022023072099911
000000300909022023055899910
000000300909022023095999920
000000300909022023110099921
000000300909022023164099911
000000487409022023055899910
000000487409022023100499920
000000487409022023110699921
000000487409022023160199911
000000487509022023055899910
000000487509022023055899911
000000409709022023055899910
000000409709022023055899911
000000483209022023055999910
000000483209022023073299911
000000296409022023060099910
000000296409022023114399920
000000296409022023124599921
000000296409022023162199911
000000830909022023060199910
000000007009022023060299910
000000007009022023073199911
000000171109022023060399910
000000171109022023100499920
000000171109022023110599921
000000171109022023173699911
000000525109022023060699910
000000525109022023060699911
000000409709022023062399910
000000409709022023092799930
000000409709022023095699931
000000409709022023095699931
000000409709022023095699920
000000409709022023105799921
000000409709022023105799930
000000409709022023111599931
000000409709022023145299911
000000525109022023062499910
000000525109022023110199920
000000525109022023120399921
000000525109022023144399911
000000005709022023062799910
000000005709022023080599911
000000487509022023063099910
000000487509022023100299920
000000487509022023110599921
000000487509022023155299911
000000591309022023065599910
000000591309022023122999920
000000591309022023133499921
000000591309022023133499921
000000591309022023170099911
000000590909022023065599910
000000590909022023114799920
000000590909022023125099921
000000590909022023165999911
000000634109022023065699910
000000634109022023133899920
000000634109022023143999921
000000634109022023163199911
000000452809022023065699910
000000452809022023065899911
000000007409022023065699910
000000007409022023065699911
000000007809022023065799910
000000007809022023065799911
000000639109022023065799910
000000639109022023133099921
000000639109022023164199911
000000007909022023065799910
000000007909022023065799911
000000007609022023065799910
000000007609022023114699920
000000007609022023124899921
000000007609022023174699911
000000006709022023065799910
000000006709022023065799930
000000006709022023071099931
000000006709022023073899930
000000006709022023075499931
000000006709022023075499931
000000006709022023084299930
000000006709022023110399931
000000006709022023110399931
000000006709022023111199920
000000006709022023121199921
000000006709022023133999911
000000006609022023065899910
000000006609022023065899911
000000007309022023065899910
000000007309022023065899911
000000007509022023065999910
000000007509022023065999911
000000239509022023070099910
000000239509022023104299920
000000239509022023114399921
000000239509022023104299920
000000239509022023155599911
000000006809022023070099910
000000006809022023070099911
000000731509022023070199910
000000731509022023120599920
000000731509022023130699921
000000731509022023180199911
000000652409022023070199910
000000652409022023120499920
000000652409022023130599921
000000652409022023152399911
000000029009022023071699910
000000029009022023123199920
000000029009022023143199921
000000029009022023171099911
000000343209022023072499910
000000343209022023123699920
000000343209022023142799921
000000343209022023142799921
000000343209022023142799921
000000343209022023142799921
000000343209022023173299911
000000034509022023072699910
000000034509022023115099920
000000034509022023135099921
000000034509022023173399911
000000731709022023072799910
000000731709022023111499920
000000731709022023131499921
000000731709022023172699911
000000021709022023072799910
000000021709022023113099920
000000021709022023133099921
000000021709022023174599911
000000052809022023072899910
000000052809022023122899920
000000052809022023133099921
000000052809022023183399911
000000011009022023073399910
000000011009022023110099920
000000011009022023120199921
000000011009022023110099920
000000011009022023143099911
000000007009022023073799910
000000007009022023094999911
000000738209022023074599910
000000738209022023110099920
000000738209022023130199921
000000738209022023181399911
000000483209022023074799910
000000483209022023113299920
000000483209022023123499921
000000483209022023145699911
000000695209022023075499910
000000695209022023120299920
000000695209022023130499921
000000695209022023120299920
000000695209022023153399911
000000197409022023075599910
000000197409022023075599930
000000197409022023081399931
000000197409022023084099930
000000197409022023084799931
000000197409022023090699930
000000197409022023093099931
000000197409022023093099931
000000197409022023093099931
000000197409022023093099931
000000197409022023093099931
000000197409022023093499930
000000197409022023093899931
000000197409022023095599930
000000197409022023100299931
000000197409022023112199930
000000197409022023112999931
000000197409022023120399920
000000197409022023130599921
000000197409022023130799930
000000197409022023133099931
000000197409022023133099931
000000197409022023135999930
000000197409022023140299931
000000197409022023143899930
000000197409022023144699931
000000197409022023152399930
000000197409022023153599931
000000197409022023153599931
000000197409022023153899930
000000197409022023165899931
000000197409022023165899931
000000197409022023165899911
000000416209022023075599910
000000416209022023115999930
000000416209022023123699931
000000416209022023124999920
000000416209022023134999921
000000416209022023173899911
000000268909022023075699910
000000268909022023120699920
000000268909022023130999921
000000268909022023174599911
000000781209022023075699910
000000781209022023132399920
000000781209022023142999921
000000781209022023180499911
000000028709022023075799910
000000028709022023121199920
000000028709022023131599921
000000028709022023131599930
000000028709022023163199931
000000028709022023163199931
000000028709022023170299911
000000030609022023075799910
000000030609022023121599920
000000030609022023131799921
000000030609022023182999911
000000292609022023075999910
000000292609022023085699911
000000210609022023075999910
000000210609022023112199920
000000210609022023122399921
000000210609022023170099911
000000225409022023080099910
000000225409022023111399920
000000225409022023121699921
000000225409022023170199911
000000302609022023080099910
000000302609022023120499920
000000302609022023130599921
000000063809022023080199910
000000063809022023080199911
000000408909022023080199910
000000408909022023123499920
000000408909022023133599921
000000408909022023170099911
000000083609022023080799910
000000083609022023160799911
000000846609022023081099910
000000846609022023112399920
000000846609022023130499921
000000846609022023173799911
000000767509022023081399910
000000767509022023120399920
000000767509022023130699921
000000767509022023171099911
000000030609022023084499910
000000030609022023121399911
000000746709022023085099910
000000746709022023130899920
000000746709022023143899921
000000746709022023181499911
000000890109022023085499910
000000890109022023124299920
000000890109022023134799921
000000890109022023175699911
000000764109022023085599910
000000764109022023130199920
000000764109022023140299921
000000764109022023165899911
000000694009022023090399910
000000694009022023121999920
000000694009022023132899921
000000694009022023184099911
000000452809022023090899910
000000488709022023092599910
000000488709022023113099920
000000488709022023123199921
000000488709022023164799911
000000609909022023095599910
000000609909022023100699911
000000758309022023095599910
000000758309022023144299911
000000414409022023095599910
000000414409022023142399920
000000414409022023152499921
000000414409022023200799911
000000609909022023102599910
000000609909022023122799911
000000883709022023105599910
000000883709022023105599910
000000883709022023105599910
000000883709022023151499920
000000883709022023161599921
000000859009022023105599910
000000859009022023144099920
000000859009022023154099921
000000859009022023192399911
000000905909022023105699910
000000905909022023105699911
000000007009022023105699910
000000007009022023105699920
000000007009022023120399921
000000007009022023120399911
000000007409022023105799910
000000007409022023105799920
000000007409022023125899921
000000007409022023125899911
000000007309022023105999910
000000007309022023105999920
000000007309022023130099921
000000007309022023130099911
000000006809022023105999910
000000006809022023105999920
000000006809022023130299921
000000006809022023130299911
000000006609022023110099910
000000006609022023110099920
000000006609022023130199921
000000006609022023130299911
000000007809022023110099910
000000007809022023110099920
000000007809022023130199921
000000007809022023130199911
000000007509022023110199910
000000007509022023110199920
000000007509022023125999921
000000007509022023125999911
000000007909022023110399910
000000007909022023110399920
000000007909022023130299921
000000007909022023130299921
000000007909022023130299921
000000906309022023112799910
000000906309022023112799920
000000906309022023122999921
000000906309022023170099911
000000292609022023121699910
000000292609022023121699920
000000292609022023131899921
000000292609022023131899911
000000452809022023122499910
000000452809022023124299920
000000452809022023134399921
000000452809022023174999911
000000149409022023132299910
000000149409022023132399911
000000609909022023135699910
000000609909022023143599920
000000609909022023153699921
000000609909022023183199911
000000007009022023150499910
000000007009022023150499911
000000005709022023152099910
000000005709022023162999911
000000006709022023153199910
000000006709022023153199911
000000695209022023154799910
000000695209022023170799911
000000007409022023154999910
000000007409022023154999911
000000006809022023154999910
000000006809022023154999911
000000007509022023161199910
000000007509022023161199911
000000007909022023162499910
000000007909022023162499911
000000007809022023163099910
000000007809022023163099911
000000007309022023163099910
000000007309022023163099911
000000006609022023163399910
000000006609022023163399911
000000292609022023171499910
000000292609022023171499911
000000149409022023175599910
000000149409022023175599920
000000149409022023185699921
000000149409022023185699911
000000905909022023183999910
000000905909022023183999911
000000883709022023190299911
000000883709022023190299911
000000758309022023201499910
000000758309022023201499911
000000149409022023214699910
000000149409022023214699911
