000000030618022023075699911
000000007318022023050199910
000000007318022023082699911
000000006618022023052799910
000000006618022023052799911
000000483218022023055799910
000000483218022023082599911
000000409718022023055799910
000000409718022023055899911
000000300918022023060399910
000000300918022023071699911
000000487518022023061399910
000000487518022023061399911
000000591318022023065599910
000000591318022023133499911
000000590918022023065599910
000000590918022023110799920
000000590918022023120899921
000000590918022023142599911
000000634118022023065599910
000000634118022023113499920
000000634118022023152899921
000000634118022023152899911
000000830918022023065599910
000000830918022023125799920
000000830918022023140099921
000000830918022023173699911
000000639118022023065699910
000000639118022023065699911
000000652418022023065799910
000000652418022023121999920
000000652418022023132199921
000000652418022023155499911
000000006718022023065899910
000000006718022023065899911
000000210618022023065899910
000000210618022023121499911
000000007918022023065899910
000000007918022023065899911
000000007818022023065899910
000000007818022023065899911
000000007018022023065999910
000000007018022023075499930
000000007018022023093899931
000000007018022023093899931
000000007018022023104199911
000000007418022023065999910
000000007418022023065999911
000000007518022023070099910
000000007518022023070099911
000000408918022023070099910
000000408918022023120899911
000000296418022023070099910
000000296418022023070299930
000000296418022023080099931
000000296418022023084199930
000000296418022023101699931
000000296418022023101699931
000000296418022023101699920
000000296418022023111799921
000000296418022023152199911
000000731518022023070199910
000000731518022023121999920
000000731518022023132299921
000000731518022023144199911
000000239518022023070199910
000000239518022023104299911
000000006818022023070399910
000000006818022023070399911
000000300918022023071499910
000000300918022023102399911
000000452818022023071499910
000000452818022023072099911
000000452818022023072299910
000000452818022023123599920
000000452818022023133899921
000000452818022023142599911
000000034518022023072599910
000000034518022023073999911
000000416218022023072799910
000000416218022023081399930
000000416218022023110999931
000000416218022023125899911
000000021718022023072999910
000000021718022023113099911
000000343218022023075399910
000000343218022023131199911
000000029018022023075599910
000000029018022023132699911
000000197418022023075599910
000000197418022023075599930
000000197418022023081699931
000000197418022023081699931
000000197418022023081699931
000000197418022023082999930
000000197418022023091599931
000000197418022023091599931
000000268918022023075599910
000000268918022023120099911
000000052818022023075699910
000000052818022023120199911
000000906318022023075699910
000000906318022023123599911
000000030618022023075799910
000000030618022023121399911
000000292618022023075799910
000000292618022023075799911
000000190518022023075799910
000000190518022023124099911
000000488718022023075799910
000000488718022023120399911
000000063818022023075899910
000000063818022023075899911
000000731718022023075999910
000000731718022023115999911
000000738218022023080099910
000000738218022023120299911
000000302618022023080099910
000000302618022023120399911
000000225418022023080199910
000000225418022023120299911
000000028718022023080199910
000000028718022023080199930
000000028718022023105699931
000000028718022023105699931
000000028718022023105699931
000000028718022023105699931
000000028718022023105699930
000000028718022023113099931
000000028718022023113199911
000000689218022023080199910
000000689218022023130099911
000000695218022023080399910
000000695218022023122999911
000000767518022023081199910
000000767518022023130399911
000000083618022023082399910
000000083618022023121299911
000000890118022023085299910
000000890118022023143999911
000000905918022023085799910
000000905918022023085799911
000000694018022023085999910
000000694018022023131099911
000000764118022023090199910
000000764118022023125399911
000000746718022023091099910
000000746718022023133299940
000000746718022023134899941
000000746718022023150499911
000000859018022023091999910
000000859018022023151399920
000000859018022023161899921
000000859018022023173699911
000000483218022023095599910
000000483218022023095599911
000000300918022023102599910
000000300918022023112099920
000000300918022023122199921
000000414418022023105699910
000000414418022023132499920
000000414418022023142799921
000000414418022023193099911
000000007818022023105799910
000000007818022023105899920
000000007818022023120099921
000000007818022023120099911
000000006618022023105899910
000000006618022023105899920
000000006618022023115999921
000000006618022023115999911
000000007018022023105999910
000000007018022023105999920
000000007018022023120099921
000000007018022023120099911
000000007418022023110099910
000000007418022023110099920
000000007418022023120099921
000000007418022023120099911
000000006818022023110099910
000000006818022023110099920
000000006818022023120399921
000000006818022023120399911
000000006718022023110399910
000000006718022023110399920
000000006718022023120399921
000000006718022023120399911
000000883718022023111599910
000000883718022023143899920
000000883718022023154399921
000000883718022023143899920
000000883718022023201599911
000000409718022023082899930
000000409718022023103399931
000000409718022023103399931
000000409718022023112799911
000000409718022023113199910
000000409718022023115699911
000000028718022023113699910
000000028718022023121899911
000000758318022023115899910
000000758318022023115899911
000000063818022023121599910
000000063818022023121599911
000000028718022023122499910
000000028718022023130599911
000000292618022023122899910
000000292618022023122899911
000000639118022023123899910
000000639118022023123899911
000000149418022023125799910
000000149418022023125899911
000000487518022023133899910
000000487518022023133899911
000000007418022023134999910
000000007418022023134999911
000000007018022023135299910
000000007018022023135299911
000000006718022023135599910
000000006718022023135599911
000000007818022023135799910
000000007818022023135799911
000000006818022023140399910
000000006818022023140399911
000000758318022023165399910
000000758318022023165399911
000000905918022023174099910
000000905918022023174099911
000000149418022023174399910
000000149418022023174399910
000000149418022023174399910
000000149418022023175599911
000000149418022023175599911
000000149418022023175599911
000000149418022023175599911
