000000622222042023082699911
000000007022042023050499910
000000007022042023050499911
000000487522042023060199910
000000487522042023060299911
000000171122042023060699910
000000171122042023060699911
000000634222042023060799910
000000634222042023070199930
000000634222042023110299931
000000487522042023061199910
000000487522042023095899920
000000487522042023110099921
000000487522042023133799911
000000005722042023061899910
000000005722042023095099920
000000005722042023105099921
000000005722042023120199911
000000591322042023065599910
000000591322042023065699911
000000830922042023065699910
000000830922042023121599920
000000830922042023131799921
000000830922042023153599911
000000590922042023065699910
000000590922042023065699911
000000292122042023065699910
000000292122042023124099911
000000239522042023065799910
000000239522042023103099911
000000689222042023065799910
000000689222042023113199920
000000689222042023123199921
000000689222042023152599911
000000007422042023065799910
000000007422042023065799911
000000007322042023065799910
000000007322042023065799911
000000006722042023065799910
000000006722042023065799911
000000007822042023065899910
000000007822042023065899911
000000007922042023065899910
000000007922042023065899911
000000007522042023065999910
000000007522042023065999911
000000007722042023065999910
000000007722042023065999911
000000006822042023070199910
000000006822042023070199911
000000007622042023070299910
000000007622042023070299911
000000299122042023070399910
000000299122042023105799911
000000153322042023071899910
000000153322042023094999940
000000153322042023100599941
000000153322042023122799911
000000306822042023072099910
000000306822042023120799940
000000306822042023122299941
000000306822042023131599911
000000021722042023072799910
000000021722042023115599911
000000034522042023072999910
000000034522042023090599911
000000622222042023074099910
000000622222042023074099911
000000617922042023074199910
000000617922042023074199930
000000617922042023075799931
000000617922042023130299911
000000266422042023075099910
000000266422042023120299911
000000846622042023075199910
000000846622042023134899911
000000695222042023075599910
000000695222042023120099911
000000631822042023075599910
000000631822042023075699930
000000631822042023080899931
000000631822042023080899911
000000083622042023075699910
000000083622042023080199930
000000083622042023084599931
000000083622042023121399911
000000197422042023075699910
000000197422042023075699930
000000197422042023080999931
000000197422042023081799930
000000197422042023110499931
000000197422042023114099930
000000197422042023115799931
000000197422042023115799911
000000343222042023075699910
000000343222042023101499940
000000343222042023123399941
000000028722042023075699910
000000028722042023075699930
000000028722042023081399931
000000028722042023120099911
000000488722042023075799910
000000488722042023075799911
000000190522042023075799910
000000190522042023125199911
000000210622042023075899910
000000210622042023120099911
000000268922042023075899910
000000268922042023080699911
000000408922042023075899910
000000408922042023120399911
000000483222042023075899910
000000052822042023075899910
000000063822042023075999910
000000063822042023120299911
000000535122042023075999910
000000535122042023075999911
000000292622042023080099910
000000292622042023120599911
000000736122042023080099910
000000736122042023120099911
000000906322042023080099910
000000906322042023120199911
000000302622042023080099910
000000738222042023080099910
000000738222042023120199911
000000767522042023080299910
000000767522042023121299911
000000742522042023080699910
000000742522042023120999911
000000622222042023082699910
000000622222042023115099920
000000622222042023125299921
000000622222042023143199911
000000171122042023084299910
000000171122042023120299911
000000764122042023085599910
000000764122042023120599920
000000764122042023130699921
000000764122042023164399911
000000487422042023090099910
000000487422042023092399911
000000694022042023090799910
000000694022042023130599911
000000746722042023091399910
000000746722042023110999930
000000746722042023111599931
000000746722042023130299940
000000746722042023131899941
000000746722042023141999911
000000535122042023092199910
000000535122042023130999911
000000487422042023092199910
000000487422042023131099920
000000487422042023141299921
000000487422042023173599911
000000007022042023094699910
000000007022042023094699920
000000007022042023105599921
000000007022042023105599911
000000414422042023095799910
000000414422042023135499920
000000414422042023145599921
000000414422042023204499911
000000500722042023095899910
000000500722042023150899920
000000500722042023161199921
000000500722042023181199911
000000883722042023105099910
000000883722042023135499920
000000883722042023145699921
000000883722042023195099911
000000007322042023105899910
000000007322042023105899920
000000007322042023115999921
000000007322042023115999911
000000006822042023105899910
000000006822042023105899920
000000006822042023120299921
000000006822042023120299911
000000007422042023105899910
000000007422042023105899920
000000007422042023115999921
000000007422042023115999911
000000007922042023105999910
000000007922042023105999920
000000007922042023120199921
000000007922042023120199911
000000007722042023105999910
000000007722042023105999920
000000007722042023120199921
000000007722042023120199911
000000007522042023105999910
000000007522042023105999920
000000007522042023120099921
000000007522042023120099921
000000007522042023120099911
000000006722042023110099910
000000006722042023110099920
000000006722042023120099921
000000006722042023120099911
000000007822042023110199910
000000007822042023110199920
000000007822042023120399921
000000007822042023120399911
000000631822042023115899910
000000631822042023115899911
000000488722042023115899910
000000488722042023115999911
000000007622042023115999910
000000007622042023115999920
000000007622042023120799921
000000007622042023120799911
000000005722042023120399910
000000005722042023154599911
000000487522042023134299910
000000487522042023134299911
000000007722042023134899910
000000007722042023134899911
000000007022042023140499910
000000007022042023140499911
000000006722042023141699910
000000006722042023141699910
000000006722042023141699911
000000007422042023141899910
000000007422042023141899911
000000007922042023143399910
000000007922042023143399911
000000007822042023143499910
000000007822042023143499911
000000007522042023144199910
000000007522042023144199911
000000591322042023151399910
000000591322042023151399911
000000005722042023160399910
000000005722042023160399911
