000000906316012023121099920
000000906316012023155299921
000000906316012023162399911
000000006716012023045599910
000000006716012023052399930
000000006716012023053999931
000000006716012023072399930
000000006716012023080499931
000000006716012023091699930
000000006716012023104799931
000000006716012023105599920
000000006716012023115599921
000000006716012023133299911
000000006616012023052699910
000000006616012023110099920
000000006616012023120199921
000000006616012023144799911
000000007016012023060499910
000000007016012023082099930
000000007016012023084999931
000000007016012023091999930
000000007016012023095299931
000000007016012023095299920
000000007016012023105399921
000000007016012023114199930
000000007016012023122499931
000000007016012023140699911
000000500716012023060699910
000000500716012023060999911
000000487416012023060699910
000000487416012023061199911
000000171116012023060699910
000000171116012023104899920
000000171116012023114999921
000000171116012023142299911
000000300916012023060699910
000000300916012023060699911
000000409716012023060699910
000000409716012023091399930
000000409716012023100199931
000000409716012023100199920
000000409716012023110299921
000000409716012023110299930
000000409716012023121599931
000000409716012023150599911
000000634216012023060699910
000000634216012023091099930
000000634216012023101599931
000000634216012023101699920
000000634216012023111799921
000000634216012023111799930
000000634216012023114899931
000000634216012023151699911
000000487516012023060799910
000000487516012023115799920
000000487516012023130199921
000000487516012023153399911
000000487416012023061199910
000000487416012023061199911
000000300916012023061399910
000000300916012023100199920
000000300916012023110299921
000000300916012023143399911
000000500716012023061499910
000000500716012023101099920
000000500716012023111299921
000000500716012023111299911
000000487416012023061899910
000000487416012023110099920
000000487416012023120299921
000000487416012023152599911
000000007816012023062199910
000000007816012023062199911
000000639116012023065599910
000000639116012023122599920
000000639116012023161499921
000000639116012023161799911
000000525116012023065599910
000000525116012023111499920
000000525116012023121899921
000000525116012023153299911
000000830916012023065599910
000000830916012023123899920
000000830916012023133999921
000000830916012023123899920
000000830916012023154899911
000000007616012023065699910
000000007616012023105399920
000000007616012023115399921
000000007616012023172999911
000000590916012023065699910
000000590916012023111999920
000000590916012023122299921
000000590916012023152699911
000000652416012023065699910
000000652416012023124799920
000000652416012023134899921
000000652416012023154899911
000000007416012023065799910
000000007416012023105699920
000000007416012023125799921
000000007416012023125799911
000000591316012023065799910
000000591316012023122999920
000000591316012023133099921
000000591316012023164499911
000000006516012023065899910
000000006516012023065899911
000000007916012023065999910
000000007916012023065999911
000000731516012023065999910
000000731516012023115999920
000000731516012023130499921
000000731516012023163199911
000000007516012023065999910
000000007516012023065999911
000000731716012023070099910
000000731716012023120899920
000000731716012023140899921
000000731716012023170099911
000000689216012023070099910
000000689216012023122599920
000000689216012023132699921
000000452816012023070099910
000000452816012023114599920
000000452816012023130699921
000000452816012023152099911
000000007216012023070099910
000000007216012023070099911
000000007716012023070299910
000000007716012023081999930
000000007716012023094399931
000000007716012023094699930
000000007716012023103499931
000000007716012023110899920
000000007716012023131099921
000000007716012023133999911
000000006816012023070299910
000000006816012023070299911
000000622216012023071099910
000000622216012023113099920
000000622216012023123299921
000000622216012023142399911
000000153316012023071799910
000000153316012023110299920
000000153316012023130499921
000000153316012023171399911
000000306816012023072099910
000000306816012023110099920
000000306816012023130099921
000000009116012023072499910
000000009116012023105899920
000000009116012023130299921
000000009116012023173199911
000000609916012023072599910
000000609916012023072699911
000000052816012023072699910
000000052816012023113799920
000000052816012023123899921
000000190516012023072699910
000000190516012023112399920
000000190516012023132299921
000000483216012023072799910
000000483216012023073099911
000000034516012023072899910
000000034516012023114599920
000000034516012023134599921
000000034516012023172899911
000000488716012023072999910
000000488716012023112999920
000000488716012023123099921
000000535116012023073199910
000000535116012023121599920
000000535116012023131899921
000000535116012023164799911
000000609916012023074499910
000000609916012023113499920
000000609916012023123699921
000000609916012023164399911
000000846616012023074999910
000000846616012023114599920
000000846616012023134299921
000000846616012023174699911
000000266416012023075199910
000000266416012023120599920
000000266416012023131699921
000000266416012023170099911
000000631816012023075599910
000000631816012023075599930
000000631816012023085099931
000000631816012023100999930
000000631816012023110099931
000000631816012023120099920
000000631816012023130199921
000000631816012023165999911
000000197416012023075599910
000000197416012023075599930
000000197416012023081999931
000000416216012023075599910
000000416216012023075599930
000000416216012023083599931
000000416216012023125099920
000000416216012023145399921
000000416216012023174499911
000000781216012023075699910
000000781216012023144199920
000000781216012023154499921
000000781216012023154499921
000000781216012023160799911
000000210616012023075999910
000000210616012023112099920
000000210616012023122199921
000000210616012023170799911
000000738216012023080099910
000000738216012023110099920
000000738216012023130099921
000000738216012023180099911
000000302616012023080099910
000000302616012023120299920
000000302616012023130399921
000000302616012023170099911
000000225416012023080099910
000000225416012023123599920
000000225416012023133799921
000000225416012023170099911
000000292616012023080199910
000000292616012023121899920
000000292616012023132099921
000000292616012023132099911
000000030616012023080199910
000000030616012023121799920
000000030616012023131899921
000000030616012023165799911
000000028716012023080199910
000000028716012023121199920
000000028716012023131399921
000000028716012023151199911
000000029016012023080599910
000000029016012023103599920
000000029016012023123599921
000000292116012023081299910
000000292116012023114899920
000000292116012023124999921
000000292116012023171199911
000000083616012023082199910
000000083616012023162299911
000000063816012023084299910
000000063816012023130699920
000000063816012023141199921
000000063816012023174999911
000000746716012023085099910
000000746716012023130599920
000000746716012023143799921
000000746716012023181499911
000000694016012023090199910
000000694016012023133399920
000000694016012023144099921
000000694016012023180699911
000000890116012023090199910
000000890116012023123299920
000000890116012023133499921
000000890116012023175199911
000000764116012023095699910
000000764116012023134499920
000000764116012023144899921
000000905916012023095899910
000000905916012023095899911
000000859016012023105599910
000000859016012023145299920
000000859016012023155299921
000000859016012023191099911
000000414416012023105599910
000000414416012023140099920
000000414416012023150199921
000000414416012023191599911
000000007916012023105899910
000000007916012023105899920
000000007916012023125999921
000000007916012023125999911
000000007516012023105999910
000000007516012023105999920
000000007516012023130099921
000000007516012023130099911
000000006816012023105999910
000000006816012023105999920
000000006816012023130099921
000000006816012023130099911
000000007216012023105999910
000000007216012023105999920
000000006516012023110399910
000000006516012023110499920
000000006516012023130599921
000000006516012023130599911
000000007816012023111399910
000000007816012023153099911
000000758316012023115599910
000000758316012023160399920
000000758316012023170499921
000000758316012023170499921
000000149416012023125999910
000000149416012023130099911
000000905916012023142399910
000000905916012023142399920
000000905916012023152799921
000000905916012023152799911
000000007016012023143199910
000000007016012023143299911
000000006816012023160999910
000000006816012023160999911
000000007516012023163199910
000000007516012023163199911
000000007416012023163199910
000000007416012023163199911
000000007716012023163399910
000000007716012023163399911
000000500716012023163899910
000000500716012023163999911
000000006516012023164299910
000000006516012023164299911
000000007916012023165199910
000000007916012023165199911
000000483216012023165299910
000000483216012023165299911
000000292616012023165899910
000000292616012023165999911
000000028716012023170199910
000000028716012023170899911
000000149416012023175499910
000000149416012023175499920
000000149416012023185599921
000000149416012023185599921
000000149416012023185599911
000000905916012023181599910
000000905916012023181599911
000000149416012023215099910
000000149416012023215099911
