000000225414052023065999910
000000225414052023115999911
000000609914052023075699910
000000609914052023075699911
000000052814052023075699910
000000052814052023075799911
000000021714052023075999910
000000021714052023120099940
000000021714052023121599941
000000021714052023123999911
000000736114052023080099910
000000736114052023121399911
000000731714052023081299910
000000731714052023121999911
000000609914052023114499910
000000609914052023120099911
000000052814052023125899910
000000052814052023125999911
