000000006518032023050199910
000000006518032023082999911
000000007318032023050699910
000000007318032023070399911
000000609918032023055599910
000000609918032023055599911
000000011018032023055799910
000000011018032023070099911
000000609918032023055799910
000000609918032023083799911
000000296418032023060199910
000000296418032023060299911
000000634218032023060399910
000000634218032023114399920
000000634218032023124699921
000000634218032023143099911
000000009118032023062999910
000000009118032023101499911
000000781218032023063799910
000000781218032023123699940
000000781218032023125099941
000000781218032023155099911
000000239518032023065699910
000000239518032023110399911
000000634118032023065699910
000000634118032023122799920
000000634118032023132799921
000000634118032023151599911
000000590918032023065799910
000000590918032023114399920
000000590918032023124499921
000000590918032023181299911
000000689218032023065799910
000000689218032023122199920
000000689218032023132199921
000000689218032023151999911
000000652418032023065799910
000000652418032023124199920
000000652418032023134699921
000000652418032023173399911
000000731518032023065799910
000000731518032023113199920
000000731518032023123299921
000000731518032023152399911
000000292118032023065899910
000000292118032023123899911
000000007918032023065999910
000000007918032023065999911
000000007518032023065999910
000000007518032023065999911
000000007418032023065999910
000000007418032023105199920
000000007418032023115299921
000000007418032023141399911
000000007018032023065999910
000000007018032023065999911
000000007818032023070099910
000000007818032023070099911
000000452818032023070499910
000000452818032023121999920
000000452818032023132899921
000000452818032023173399911
000000011018032023070799910
000000011018032023110199920
000000011018032023120399921
000000011018032023120399921
000000011018032023133799911
000000007318032023071199910
000000007318032023085399911
000000007718032023071199910
000000007718032023071199911
000000153318032023071799910
000000153318032023111199940
000000153318032023112799941
000000153318032023130699911
000000306818032023072099910
000000306818032023110599940
000000306818032023112099941
000000306818032023131599911
000000034518032023072999910
000000034518032023142199911
000000021718032023073099910
000000021718032023132399911
000000622218032023073499910
000000622218032023073499911
000000266418032023075399910
000000197418032023075599910
000000083618032023075599910
000000083618032023120199911
000000028718032023075699910
000000028718032023075699930
000000028718032023115899931
000000028718032023120099911
000000488718032023075799910
000000694018032023075799910
000000694018032023122099911
000000030618032023075899910
000000030618032023120599911
000000268918032023075899910
000000190518032023075999910
000000190518032023120299911
000000210618032023075999910
000000210618032023120199911
000000408918032023075999910
000000408918032023120099911
000000535118032023075999910
000000535118032023123599911
000000052818032023080099910
000000052818032023120099911
000000631818032023080099910
000000631818032023080099930
000000631818032023115999931
000000631818032023115999931
000000631818032023120099911
000000063818032023080099910
000000063818032023080099911
000000906318032023080099910
000000906318032023120099911
000000738218032023080199910
000000738218032023120099911
000000302618032023080199910
000000302618032023120099911
000000846618032023080199910
000000846618032023140699911
000000487418032023080199910
000000487418032023120199911
000000731718032023080499910
000000731718032023121899911
000000225418032023080799910
000000225418032023123299911
000000609918032023085399910
000000609918032023095899911
000000905918032023085799910
000000905918032023085799911
000000764118032023085899910
000000764118032023122999920
000000764118032023133099921
000000764118032023171499911
000000746718032023091099910
000000746718032023131499940
000000746718032023133199941
000000746718032023141599911
000000296418032023091499910
000000296418032023114699911
000000859018032023101399910
000000859018032023143399920
000000859018032023153399921
000000859018032023182599911
000000487518032023101899910
000000487518032023104399920
000000487518032023114499921
000000487518032023154199911
000000890118032023104299910
000000890118032023152599911
000000883718032023105499910
000000883718032023141899920
000000883718032023152099921
000000883718032023175699911
000000414418032023105599910
000000414418032023153699920
000000414418032023163699921
000000414418032023182599911
000000007518032023105999910
000000007518032023105999920
000000007518032023120399921
000000007818032023105999910
000000007818032023105999920
000000007818032023120199921
000000007818032023120199911
000000007718032023110099910
000000007718032023110099920
000000007718032023120299921
000000007718032023120299911
000000007018032023110199910
000000007018032023110199920
000000007018032023120099921
000000007018032023120099911
000000007918032023111399910
000000007918032023111399920
000000007918032023121399921
000000007918032023121399911
000000007318032023111699910
000000007318032023122199921
000000007318032023122199911
000000296418032023115099910
000000296418032023115099920
000000296418032023125399921
000000296418032023141899911
000000149418032023120099910
000000149418032023120199911
000000063818032023120499910
000000063818032023120499911
000000905918032023121499910
000000905918032023121499911
000000007918032023133099910
000000007918032023133099911
000000007718032023141199910
000000007718032023141199911
000000007018032023141399910
000000007018032023141399911
000000007818032023141499910
000000007818032023141499911
000000009118032023155799910
000000197418032023083499930
000000197418032023085099930
000000197418032023075599930
000000197418032023083099931
000000197418032023084299931
000000197418032023085999931
000000197418032023085999931
