000000500717032023114999911
000000009117032023065999921
000000009117032023065999911
000000028717032023043299910
000000028717032023071799911
000000007417032023050099910
000000007417032023104499920
000000007417032023114599921
000000007417032023134299911
000000006517032023050099910
000000006517032023072999911
000000007317032023050199910
000000007317032023080199911
000000171117032023055699910
000000171117032023055899911
000000905917032023055799910
000000905917032023055799911
000000487517032023055799910
000000487517032023100599920
000000487517032023110899921
000000487517032023111099911
000000011017032023055899910
000000011017032023072099911
000000634217032023055899910
000000634217032023055999911
000000005717032023055899911
000000007017032023055999910
000000007017032023082399930
000000007017032023092199931
000000007017032023095599920
000000007017032023105799921
000000007017032023122099930
000000007017032023124099931
000000007017032023141999911
000000296417032023060099910
000000296417032023060199911
000000007717032023060199910
000000007717032023072099911
000000409717032023060199910
000000409717032023072099930
000000409717032023095799931
000000409717032023110099920
000000409717032023121299921
000000409717032023121299930
000000409717032023145299931
000000409717032023161299911
000000525117032023060299910
000000525117032023113499920
000000525117032023124499921
000000525117032023151399911
000000300917032023060299910
000000300917032023060299910
000000300917032023114399920
000000300917032023124599921
000000171117032023061799910
000000171117032023100299920
000000171117032023110499921
000000171117032023145899911
000000007817032023062099910
000000007817032023101499920
000000007817032023111799921
000000007817032023111799911
000000634217032023062399910
000000634217032023074299930
000000634217032023105799931
000000634217032023115199911
000000296417032023062399910
000000296417032023110199911
000000830917032023065599910
000000830917032023121899920
000000830917032023152699921
000000830917032023152799911
000000634117032023065599910
000000634117032023123299920
000000634117032023133199921
000000634117032023165299911
000000083617032023065699910
000000083617032023070299930
000000083617032023091499931
000000083617032023123299920
000000083617032023143299921
000000083617032023143299930
000000083617032023153599931
000000083617032023143299930
000000590917032023065699910
000000590917032023114799920
000000590917032023124899921
000000590917032023153699911
000000689217032023065799910
000000689217032023113799920
000000689217032023123999921
000000689217032023164799911
000000731517032023065799910
000000731517032023112399920
000000731517032023122499921
000000731517032023152099911
000000452817032023065899910
000000452817032023110599920
000000452817032023120699921
000000452817032023173499911
000000006817032023065899910
000000006817032023083599930
000000006817032023110899931
000000006817032023124599911
000000591317032023065899910
000000591317032023071699911
000000408917032023065899910
000000408917032023125699920
000000408917032023135799921
000000408917032023170099911
000000007917032023065899910
000000007917032023065899911
000000009117032023065899910
000000009117032023065899910
000000009117032023065899911
000000009117032023065899911
000000007517032023065999910
000000007517032023065999911
000000009117032023065999910
000000009117032023120199911
000000652417032023070099910
000000652417032023120599920
000000652417032023130799921
000000652417032023162399911
000000239517032023070199910
000000239517032023114099920
000000239517032023124299921
000000239517032023114099920
000000500717032023070199910
000000500717032023114599911
000000622217032023070899910
000000622217032023070899911
000000306817032023071799910
000000306817032023110499920
000000306817032023130499921
000000306817032023170099911
000000153317032023071999910
000000153317032023120099920
000000153317032023140099921
000000153317032023173999911
000000190517032023072699910
000000190517032023113299920
000000190517032023133299921
000000190517032023174599911
000000021717032023072799910
000000021717032023114299920
000000021717032023134299921
000000021717032023182299911
000000011017032023072799910
000000011017032023110199920
000000011017032023120399921
000000052817032023072899910
000000052817032023120399920
000000052817032023130599921
000000034517032023072899910
000000034517032023122999920
000000034517032023142999921
000000034517032023182199911
000000268917032023072899910
000000268917032023114999920
000000268917032023125099921
000000268917032023163299911
000000731717032023072999910
000000731717032023121099920
000000731717032023141099921
000000731717032023173199911
000000488717032023072999910
000000488717032023114899920
000000488717032023124999921
000000488717032023164399911
000000535117032023073099910
000000535117032023120599920
000000535117032023130999921
000000535117032023175099911
000000622217032023073099910
000000622217032023122299920
000000622217032023132599921
000000622217032023171999911
000000007717032023073399910
000000007717032023090499911
000000028717032023073999910
000000028717032023080299930
000000028717032023083299931
000000028717032023083399920
000000028717032023093699921
000000028717032023125199930
000000028717032023131199931
000000738217032023074599910
000000738217032023120799920
000000738217032023140899921
000000738217032023180599911
000000266417032023075199910
000000266417032023121499920
000000266417032023132599921
000000266417032023170099911
000000781217032023075199910
000000781217032023114799920
000000781217032023125799921
000000781217032023162899911
000000631817032023075599910
000000631817032023075599930
000000631817032023094999931
000000631817032023094999931
000000631817032023094999931
000000631817032023121599920
000000631817032023131699921
000000631817032023170999911
000000197417032023075599910
000000197417032023075599930
000000197417032023081499931
000000197417032023084099930
000000197417032023090599931
000000197417032023090599931
000000197417032023091099930
000000197417032023100799931
000000197417032023100799931
000000197417032023100999930
000000197417032023104899931
000000197417032023104899931
000000197417032023105099930
000000197417032023105599931
000000197417032023105999930
000000197417032023111899931
000000197417032023111899931
000000197417032023112699930
000000197417032023120299931
000000197417032023120299931
000000197417032023121599920
000000197417032023131699921
000000197417032023132299930
000000197417032023135299931
000000197417032023135299931
000000197417032023135299931
000000197417032023135299931
000000197417032023135299931
000000197417032023135299931
000000197417032023141399930
000000197417032023143399931
000000197417032023143999930
000000197417032023144299931
000000197417032023145999930
000000197417032023151299931
000000197417032023151599930
000000197417032023153099931
000000197417032023153099931
000000197417032023154499930
000000197417032023160399931
000000197417032023162399930
000000197417032023165099931
000000197417032023165099931
000000030617032023075899910
000000030617032023123499920
000000030617032023133699921
000000030617032023170799911
000000694017032023075899910
000000694017032023123099920
000000694017032023174999911
000000210617032023075899910
000000210617032023121899920
000000210617032023132099921
000000210617032023172699911
000000302617032023080099910
000000302617032023122499920
000000302617032023132599921
000000302617032023170099911
000000225417032023080099910
000000225417032023124699920
000000225417032023134799921
000000225417032023170999911
000000006517032023080199910
000000006517032023115199920
000000006517032023125299921
000000006517032023154099911
000000063817032023080499910
000000063817032023080499911
000000292117032023080599910
000000292117032023135499920
000000292117032023145699921
000000292117032023145699921
000000292117032023180399911
000000846617032023080599910
000000846617032023120199920
000000846617032023135399921
000000846617032023174599911
000000906317032023080799910
000000906317032023132099920
000000906317032023142699921
000000906317032023172499911
000000030617032023083399911
000000030617032023083399911
000000030617032023083399910
000000030617032023122899911
000000746717032023085199910
000000746717032023114699920
000000746717032023131699921
000000746717032023181199911
000000609917032023085599910
000000609917032023142199920
000000609917032023152299921
000000609917032023191599911
000000890117032023085899910
000000890117032023125899920
000000890117032023140199921
000000890117032023180199911
000000487417032023095699910
000000487417032023100599911
000000859017032023100399910
000000859017032023143299920
000000859017032023153299921
000000859017032023191599911
000000487417032023102099910
000000487417032023160099920
000000487417032023170399921
000000487417032023200099911
000000883717032023102099910
000000883717032023142199920
000000883717032023152499921
000000883717032023192599911
000000764117032023105699910
000000764117032023140099920
000000764117032023150599921
000000764117032023212399911
000000414417032023105699910
000000414417032023150999920
000000414417032023161099921
000000414417032023191599911
000000007917032023105799910
000000007917032023105799920
000000007917032023125799921
000000007917032023125799911
000000007517032023105999910
000000007517032023105999920
000000007517032023130099921
000000007517032023130099911
000000296417032023110399910
000000296417032023110399920
000000296417032023120499921
000000296417032023162099911
000000007717032023110499910
000000007717032023110499920
000000007717032023130599921
000000007717032023130699911
000000487517032023111099910
000000487517032023120399911
000000007817032023111899910
000000007817032023151299911
000000500717032023114999910
000000500717032023123299920
000000500717032023133399921
000000500717032023140699930
000000500717032023155299931
000000149417032023120099910
000000149417032023120299911
000000591317032023121499910
000000591317032023121499911
000000591317032023121499910
000000591317032023121599920
000000591317032023131699921
000000591317032023131699911
000000634217032023121599910
000000634217032023122999920
000000634217032023133299921
000000634217032023151599911
000000487517032023123799910
000000487517032023154599911
000000149417032023124699911
000000149417032023124699911
000000149417032023124699911
000000007017032023142899910
000000007017032023142899911
000000005717032023152199910
000000005717032023152199911
000000452817032023154499910
000000452817032023173399911
000000300917032023160699911
000000905917032023162699910
000000905917032023162799911
000000591317032023162999911
000000591317032023162999911
000000591317032023162999911
000000591317032023162999911
000000591317032023162999911
000000007717032023162999910
000000591317032023162999911
000000591317032023162999911
000000591317032023162999911
000000591317032023162999911
000000007917032023163199910
000000007917032023163199911
000000007517032023172099910
000000007517032023172099911
000000149417032023174099910
000000149417032023174099920
000000149417032023184199921
000000149417032023184299911
000000149417032023201999910
