000000028706042023042899910
000000028706042023071599911
000000006806042023050199910
000000006806042023071099930
000000006806042023073199931
000000006806042023083599930
000000006806042023102199931
000000006806042023103399920
000000006806042023113499921
000000006806042023125399911
000000007306042023050199910
000000007306042023080899911
000000006606042023052999910
000000006606042023100199920
000000006606042023110099921
000000006606042023171699911
000000052806042023055599910
000000052806042023095899911
000000171106042023055799910
000000171106042023100099920
000000171106042023110199921
000000171106042023143899911
000000487406042023055799910
000000487406042023100099920
000000487406042023110299921
000000296406042023060099910
000000296406042023100599920
000000296406042023110699921
000000296406042023143599911
000000634206042023060199910
000000634206042023060299911
000000409706042023060199910
000000409706042023084199930
000000409706042023094699931
000000409706042023115599920
000000409706042023125799921
000000409706042023125799930
000000409706042023134099931
000000409706042023142799911
000000487506042023060299910
000000487506042023100999920
000000487506042023111299921
000000487506042023131399911
000000525106042023060499910
000000525106042023103099920
000000525106042023113199921
000000525106042023145399911
000000634206042023061199910
000000634206042023083099911
000000452806042023062399910
000000452806042023133599920
000000452806042023143599921
000000452806042023143599911
000000634106042023062599910
000000634106042023122699920
000000634106042023122699920
000000634106042023122699920
000000634106042023151599911
000000292106042023062699910
000000292106042023103999920
000000292106042023114199921
000000292106042023152899911
000000830906042023062799910
000000830906042023110699920
000000830906042023120899921
000000830906042023120899921
000000830906042023192799911
000000007606042023062799910
000000007606042023102899911
000000639106042023062899910
000000639106042023130899920
000000639106042023140999921
000000639106042023144999911
000000689206042023063099910
000000689206042023114599920
000000689206042023124699921
000000689206042023151199911
000000590906042023063099910
000000590906042023120499920
000000590906042023130699921
000000590906042023120499920
000000590906042023130699921
000000590906042023145599911
000000006506042023065699910
000000007406042023065699910
000000007406042023105999920
000000007406042023125999921
000000007406042023105999920
000000007406042023105999920
000000007406042023105999920
000000007406042023105999920
000000007406042023105999920
000000007406042023105999920
000000007406042023105999920
000000007406042023130099911
000000007906042023065699910
000000007806042023065799910
000000007806042023065899911
000000007006042023065899910
000000007006042023065899911
000000007506042023065899910
000000007506042023065899911
000000005706042023065999910
000000005706042023065999911
000000083606042023065999910
000000083606042023070699930
000000083606042023090699931
000000083606042023121499920
000000083606042023141599921
000000083606042023121499920
000000083606042023152499911
000000299106042023070199910
000000299106042023111999920
000000299106042023122399921
000000622206042023070299910
000000622206042023120899920
000000622206042023131199921
000000239506042023070399910
000000239506042023114399920
000000239506042023124399921
000000239506042023155599911
000000153306042023071599910
000000153306042023112399920
000000153306042023132399921
000000153306042023150499911
000000306806042023072099910
000000306806042023110299920
000000306806042023130299921
000000190506042023072599910
000000190506042023132799920
000000190506042023152599921
000000190506042023163099911
000000034506042023072599910
000000034506042023112899920
000000034506042023132899921
000000488706042023072799910
000000488706042023113299920
000000488706042023123499921
000000488706042023162699911
000000268906042023072799910
000000268906042023113099920
000000268906042023123199921
000000021706042023072899910
000000021706042023113099920
000000021706042023133399921
000000021706042023162899911
000000483206042023072899910
000000483206042023113699920
000000483206042023123899921
000000483206042023162799911
000000731706042023073299910
000000731706042023120199920
000000731706042023140099921
000000731706042023163099911
000000343206042023074999910
000000343206042023120999920
000000343206042023141799921
000000343206042023151399911
000000266406042023075099910
000000266406042023120199920
000000266406042023131299921
000000846606042023075399910
000000846606042023120199920
000000846606042023135899921
000000197406042023075599910
000000197406042023075599930
000000197406042023080299931
000000197406042023081099930
000000197406042023084599931
000000197406042023084999930
000000197406042023094199931
000000197406042023110199930
000000197406042023120099931
000000197406042023120199920
000000197406042023130299921
000000197406042023131999930
000000197406042023133099931
000000197406042023143099930
000000197406042023143699931
000000197406042023150799930
000000197406042023151999931
000000197406042023152299930
000000416206042023075599910
000000416206042023075599930
000000416206042023083699931
000000416206042023114999920
000000416206042023135299921
000000416206042023114999920
000000631806042023075699910
000000631806042023075699930
000000631806042023083199931
000000631806042023121899920
000000631806042023131999921
000000631806042023150599930
000000063806042023075699910
000000063806042023120399920
000000063806042023130699921
000000767506042023080099910
000000767506042023170899911
000000302606042023080099910
000000302606042023120999920
000000302606042023131099921
000000652406042023080099910
000000652406042023122399920
000000652406042023132599921
000000652406042023183599911
000000210606042023080099910
000000210606042023113699920
000000210606042023123799921
000000408906042023080099910
000000408906042023113399920
000000408906042023123599921
000000906306042023080099910
000000906306042023122199920
000000906306042023132199921
000000738206042023080099910
000000738206042023131099920
000000738206042023151199921
000000742506042023081099910
000000746706042023085099910
000000746706042023085099910
000000746706042023130299920
000000746706042023143299921
000000764106042023085899910
000000764106042023130099920
000000764106042023140199921
000000535106042023085999910
000000535106042023134799920
000000535106042023144999921
000000535106042023183199911
000000890106042023085999910
000000890106042023121899920
000000890106042023132199921
000000890106042023183899911
000000694006042023090099910
000000694006042023131599920
000000694006042023142499921
000000758306042023095099910
000000758306042023142299920
000000758306042023152399921
000000758306042023154799911
000000030606042023095199910
000000030606042023121299911
000000052806042023095599910
000000052806042023130199920
000000052806042023140399921
000000052806042023095599910
000000052806042023095599910
000000634206042023103099910
000000634206042023105899920
000000634206042023115899921
000000634206042023160099911
000000859006042023105599910
000000859006042023142799920
000000859006042023153099921
000000859006042023191799911
000000905906042023105599910
000000905906042023141699920
000000905906042023151699921
000000905906042023151699921
000000905906042023212699911
000000414406042023105699910
000000414406042023145199920
000000414406042023155299921
000000414406042023201999911
000000883706042023105899910
000000883706042023140799920
000000883706042023151399921
000000883706042023191799911
000000007806042023105999910
000000007806042023105999910
000000007806042023105999920
000000007506042023105999910
000000007506042023105999920
000000007506042023125999921
000000007506042023125999911
000000007906042023110099910
000000007906042023110099920
000000007906042023130099921
000000007906042023130099911
000000005706042023110199910
000000005706042023110199920
000000005706042023130199921
000000005706042023130199911
000000292606042023120099910
000000292606042023120099920
000000292606042023130399921
000000030606042023123799910
000000030606042023130799920
000000030606042023141699921
000000007806042023130099911
000000500706042023130199910
000000006806042023133199910
000000006806042023133199911
000000452806042023144299910
000000609906042023145599910
000000609906042023190099920
000000609906042023200199921
000000609906042023234599911
000000007806042023152799910
000000007806042023152799910
000000007806042023152799910
000000007806042023152799910
000000007806042023152799911
000000007806042023152799911
000000487506042023152799910
000000487506042023152799911
000000005706042023152999910
000000005706042023152999911
000000007406042023152999910
000000007406042023152999911
000000007506042023152999910
000000007506042023152999911
000000007906042023153699910
000000007906042023153699911
000000500706042023154799910
000000500706042023182599930
000000500706042023183299931
000000500706042023185199920
000000500706042023200099921
000000500706042023212499911
000000758306042023161599910
000000758306042023190099911
000000758306042023205799910
000000758306042023205799911
