000000030605052023080099911
000000634105052023155399920
000000634105052023155399921
000000634105052023155499920
000000634105052023165599921
000000634105052023155499920
000000634105052023155499920
000000634105052023191399911
000000006705052023050099910
000000006705052023052699930
000000006705052023053599931
000000006705052023072399930
000000006705052023082199931
000000006705052023104099930
000000006705052023110099931
000000006705052023110099931
000000006705052023110199911
000000007305052023050099910
000000007305052023072399911
000000007805052023050099910
000000007805052023080999911
000000006805052023050199910
000000006805052023073299911
000000171105052023055699910
000000171105052023055899911
000000409705052023055999910
000000409705052023055999911
000000487505052023055999910
000000487505052023100199920
000000487505052023110599921
000000487505052023164699911
000000005705052023060099910
000000005705052023105199920
000000005705052023115799921
000000005705052023144499911
000000296405052023060099910
000000296405052023101099920
000000296405052023111199921
000000296405052023111199930
000000296405052023150999931
000000296405052023172199911
000000011005052023060099910
000000011005052023061999911
000000525105052023060299910
000000525105052023110199920
000000525105052023120299921
000000525105052023144999911
000000487405052023060299910
000000487405052023062199911
000000300905052023060399910
000000300905052023100099920
000000300905052023110199921
000000300905052023143199911
000000622205052023061099910
000000622205052023085899911
000000634205052023061199910
000000634205052023083199930
000000634205052023104699931
000000634205052023104699920
000000634205052023120199921
000000634205052023120399930
000000634205052023123399931
000000634205052023132299930
000000634205052023144999931
000000634205052023180299911
000000171105052023061299910
000000171105052023101499911
000000409705052023061899910
000000409705052023095999920
000000409705052023110099921
000000409705052023110099930
000000409705052023114999931
000000409705052023110099930
000000409705052023160099911
000000487405052023062499910
000000487405052023120099920
000000487405052023130399921
000000487405052023162099911
000000007005052023062699910
000000007005052023101599920
000000007005052023103299921
000000007005052023103299911
000000639105052023065599910
000000639105052023122699920
000000639105052023133399921
000000639105052023171799911
000000500705052023065599910
000000500705052023065799911
000000083605052023065699910
000000083605052023070099930
000000452805052023065699910
000000452805052023120199920
000000452805052023130399921
000000452805052023162699911
000000758305052023065699910
000000758305052023112799920
000000758305052023122899921
000000758305052023152099911
000000590905052023065699910
000000590905052023114599920
000000590905052023124699921
000000590905052023160699911
000000591305052023065699910
000000591305052023125499920
000000591305052023142999921
000000591305052023142999921
000000591305052023162499911
000000689205052023065799910
000000689205052023121199920
000000689205052023131199921
000000689205052023163699911
000000731505052023065799910
000000731505052023113999920
000000731505052023124199921
000000731505052023171599911
000000830905052023065899910
000000830905052023123299920
000000830905052023133499921
000000830905052023123299920
000000830905052023133499921
000000830905052023154799911
000000007905052023065999910
000000007905052023065999911
000000007405052023065999910
000000007405052023111299920
000000007405052023121299921
000000007405052023155899911
000000007605052023070099910
000000007605052023070099911
000000007505052023070099910
000000007505052023070099911
000000006605052023070199910
000000006605052023070199911
000000007705052023070399910
000000007705052023130799911
000000239505052023071199910
000000239505052023114699920
000000239505052023125099921
000000239505052023114699920
000000239505052023163899911
000000153305052023071999910
000000153305052023102399930
000000153305052023104599931
000000153305052023112299920
000000153305052023132399921
000000153305052023171499911
000000306805052023072099910
000000306805052023121799920
000000306805052023141799921
000000306805052023170099911
000000500705052023072299910
000000034505052023072599910
000000034505052023114299920
000000034505052023134299921
000000034505052023175799911
000000052805052023072699910
000000052805052023113899920
000000052805052023123999921
000000052805052023163299911
000000268905052023072699910
000000268905052023114299920
000000268905052023124499921
000000268905052023163399911
000000488705052023072699910
000000488705052023113899920
000000488705052023123999921
000000488705052023181399911
000000190505052023072699910
000000190505052023113799920
000000190505052023132999921
000000190505052023181799911
000000731705052023072799910
000000731705052023120099920
000000731705052023140199921
000000731705052023172699911
000000483205052023072799910
000000483205052023113099920
000000483205052023123199921
000000483205052023172099911
000000126405052023073599910
000000126405052023073599930
000000126405052023082099931
000000126405052023121199920
000000126405052023131299921
000000126405052023121199920
000000126405052023150199930
000000126405052023154799931
000000126405052023163599911
000000011005052023073799910
000000011005052023110099920
000000011005052023120299921
000000011005052023154399911
000000006805052023073899910
000000006805052023115799920
000000006805052023130599921
000000006805052023134299930
000000006805052023152599931
000000006805052023152599911
000000266405052023075199910
000000266405052023122799920
000000266405052023133899921
000000266405052023172499911
000000846605052023075499910
000000846605052023125999920
000000846605052023144499921
000000846605052023184199911
000000416205052023075599910
000000416205052023075599930
000000416205052023091499931
000000416205052023115799920
000000416205052023135999921
000000416205052023174099911
000000197405052023075599910
000000197405052023075599930
000000197405052023081499931
000000197405052023083399930
000000197405052023095999930
000000197405052023111199931
000000197405052023112399930
000000197405052023124499931
000000197405052023124499920
000000197405052023134599921
000000197405052023135999930
000000197405052023143199931
000000197405052023150199930
000000197405052023150499931
000000197405052023153099930
000000197405052023182699931
000000197405052023182699911
000000631805052023075699910
000000631805052023075699930
000000631805052023080399931
000000631805052023080499930
000000631805052023085099931
000000631805052023105199930
000000631805052023111099931
000000631805052023120099920
000000631805052023130099921
000000631805052023130099930
000000631805052023165899931
000000631805052023165899911
000000695205052023075799910
000000695205052023121299920
000000695205052023131399921
000000767505052023075799910
000000767505052023120299920
000000767505052023130499921
000000767505052023130499921
000000767505052023130499921
000000767505052023170799911
000000408905052023075899910
000000408905052023113899920
000000408905052023124099921
000000210605052023075899910
000000210605052023113199920
000000210605052023123099921
000000210605052023170099911
000000225405052023075899910
000000225405052023125999920
000000225405052023140099921
000000225405052023173199911
000000063805052023075999910
000000063805052023123299920
000000063805052023133499921
000000063805052023173499911
000000736105052023080099910
000000736105052023120299920
000000736105052023130299921
000000736105052023170099911
000000292605052023080099910
000000292605052023120299920
000000292605052023130499921
000000292605052023130499911
000000738205052023080099910
000000738205052023121799920
000000738205052023141799921
000000738205052023192199911
000000030605052023080099910
000000030605052023080099911
000000906305052023080199910
000000906305052023132199920
000000906305052023142199921
000000906305052023174699911
000000302605052023080199910
000000302605052023121999920
000000302605052023132099921
000000905905052023080499910
000000905905052023131599920
000000905905052023141599921
000000905905052023190899911
000000292105052023080699910
000000292105052023113499920
000000292105052023123899921
000000292105052023171399911
000000029005052023080799910
000000029005052023115599920
000000029005052023135599921
000000029005052023180099911
000000742505052023081499910
000000742505052023121499920
000000742505052023131699921
000000742505052023121499920
000000742505052023171599911
000000617905052023082799910
000000617905052023112899930
000000617905052023115399931
000000617905052023120299920
000000617905052023133899921
000000617905052023174599911
000000500705052023084699910
000000500705052023092599911
000000746705052023085099910
000000746705052023104699930
000000746705052023112499931
000000746705052023113199940
000000746705052023122099941
000000746705052023130699920
000000746705052023143999921
000000746705052023161399930
000000746705052023164599931
000000746705052023181599911
000000890105052023085499910
000000890105052023122999920
000000890105052023133199921
000000890105052023183699911
000000535105052023085899910
000000535105052023085899911
000000694005052023090099910
000000694005052023121699920
000000694005052023132199921
000000694005052023182499911
000000500705052023093999910
000000500705052023104599930
000000500705052023120699931
000000500705052023120699920
000000500705052023130799921
000000500705052023140199911
000000634105052023095599910
000000634105052023191299911
000000007005052023103499910
000000007005052023103499920
000000007005052023112199921
000000007005052023155999911
000000171105052023103699910
000000171105052023103699920
000000171105052023113899921
000000171105052023161199911
000000764105052023105599910
000000764105052023105599911
000000414405052023105699910
000000414405052023153399920
000000414405052023163499921
000000414405052023201299911
000000007905052023105899910
000000007905052023105899920
000000007905052023125999921
000000007905052023125999911
000000007505052023105999910
000000007505052023105999920
000000007505052023125999921
000000007505052023125999911
000000007605052023110799910
000000007605052023110799920
000000007605052023130799921
000000007605052023130799911
000000622205052023110899910
000000622205052023110899920
000000622205052023121099921
000000883705052023114599910
000000883705052023143599920
000000883705052023154099921
000000883705052023193899911
000000030605052023120799910
000000030605052023120799920
000000030605052023130899921
000000030605052023130899911
000000149405052023122799910
000000149405052023123099911
000000535105052023123199910
000000535105052023123199920
000000535105052023133299921
000000535105052023140099911
000000764105052023125299910
000000764105052023135599920
000000764105052023150299921
000000764105052023135599920
000000764105052023125299910
000000622205052023143799910
000000622205052023143799911
000000609905052023145699910
000000609905052023190199920
000000609905052023200299921
000000609905052023231899911
000000500705052023145699910
000000500705052023150999930
000000500705052023171799931
000000500705052023171799911
000000300905052023151599911
000000300905052023151599911
000000300905052023151599911
000000007005052023160099910
000000007005052023160099911
000000007605052023164599910
000000007605052023164599911
000000030605052023165599910
000000030605052023165599911
000000006605052023165599910
000000006605052023165599910
000000006605052023165599911
000000007505052023165699910
000000007505052023165699911
000000292605052023165699910
000000292605052023170399911
000000007905052023171799910
000000007905052023171799911
000000149405052023174699910
000000149405052023174699920
000000149405052023184999921
000000149405052023184999911
000000764105052023213699911
000000764105052023213699911
000000149405052023213999910
000000149405052023214199911
