000000030606012023080399911
000000028706012023043199910
000000028706012023071599911
000000006706012023045599910
000000006706012023052199930
000000006706012023053099931
000000006706012023070799930
000000006706012023081999931
000000006706012023093199930
000000006706012023104099931
000000006706012023105099920
000000006706012023115199921
000000006706012023123399930
000000006706012023124499931
000000006706012023133299911
000000006506012023045699910
000000006506012023073499911
000000006806012023045699910
000000006806012023073899930
000000006806012023114099931
000000006806012023115999920
000000006806012023131899921
000000006806012023131899930
000000006806012023144799931
000000006806012023144899931
000000006806012023153899911
000000007606012023045899910
000000007606012023082899911
000000609906012023055599910
000000609906012023083399911
000000171106012023055599910
000000171106012023055799911
000000300906012023060199910
000000300906012023100499920
000000300906012023110599921
000000300906012023155899911
000000007006012023060199910
000000007006012023081799930
000000007006012023090699931
000000007006012023093699930
000000007006012023094499931
000000007006012023094499920
000000007006012023104599921
000000007006012023115299930
000000007006012023124499931
000000007006012023124499931
000000007006012023141999911
000000409706012023060399910
000000409706012023085699930
000000409706012023100099931
000000409706012023100099920
000000409706012023110399921
000000409706012023110399930
000000409706012023130299931
000000409706012023161299911
000000487506012023060399910
000000487506012023084299911
000000500706012023060499910
000000500706012023084399930
000000500706012023100099931
000000500706012023100099931
000000500706012023100099920
000000500706012023110499921
000000500706012023142099911
000000634206012023060699910
000000634206012023080999930
000000634206012023102499931
000000634206012023102499931
000000634206012023105399920
000000634206012023115499921
000000634206012023145399911
000000830906012023065599910
000000830906012023132799920
000000830906012023142899921
000000830906012023162499911
000000487406012023065599910
000000487406012023122599920
000000487406012023132799921
000000487406012023171699911
000000452806012023065699910
000000452806012023110299920
000000452806012023120299921
000000452806012023152399911
000000590906012023065699910
000000590906012023120599920
000000590906012023125699921
000000590906012023163099911
000000525106012023065799910
000000525106012023111399920
000000525106012023121799921
000000525106012023152199911
000000007406012023065799910
000000007406012023112099920
000000007406012023132199921
000000007406012023132199911
000000007506012023065799910
000000007506012023065799911
000000591306012023065799910
000000591306012023115699920
000000591306012023125999921
000000591306012023133599911
000000006606012023065799910
000000006606012023065899911
000000639106012023065899910
000000639106012023065899911
000000652406012023065999910
000000652406012023093799911
000000007206012023065999910
000000007206012023065999911
000000689206012023065999910
000000689206012023065999911
000000007906012023065999910
000000007906012023065999911
000000005706012023065999910
000000005706012023110099920
000000005706012023130099921
000000005706012023142199911
000000306806012023070099910
000000306806012023110599920
000000306806012023130599921
000000306806012023170099911
000000007706012023070199911
000000225406012023070299910
000000731506012023070399910
000000731506012023113999920
000000731506012023124099921
000000731506012023160299911
000000153306012023071699910
000000153306012023094399930
000000153306012023103999931
000000153306012023113999920
000000153306012023134099921
000000153306012023171699911
000000009106012023071999910
000000009106012023105999920
000000009106012023130299921
000000009106012023173099911
000000731706012023072499910
000000731706012023120199920
000000731706012023140099921
000000034506012023072699910
000000034506012023114899920
000000034506012023134899921
000000034506012023172799911
000000190506012023072799910
000000190506012023110799920
000000190506012023130699921
000000488706012023072899910
000000488706012023113099920
000000488706012023123199921
000000488706012023170099911
000000483206012023072999910
000000483206012023072999911
000000535106012023073199910
000000535106012023115499920
000000535106012023125999921
000000535106012023183699911
000000006506012023074999910
000000006506012023113799920
000000006506012023123899921
000000006506012023153299911
000000266406012023075099910
000000266406012023121199920
000000266406012023132299921
000000266406012023170299911
000000028706012023075199910
000000028706012023075199930
000000028706012023083399931
000000028706012023083399920
000000028706012023093599921
000000028706012023124899930
000000028706012023133599931
000000028706012023133599911
000000846606012023075299910
000000846606012023125099920
000000846606012023144599921
000000846606012023180499911
000000416206012023075599910
000000416206012023075599930
000000416206012023082599931
000000416206012023113299920
000000416206012023133499921
000000416206012023133499930
000000416206012023135199931
000000416206012023174399911
000000197406012023075599910
000000197406012023075599930
000000197406012023084299931
000000197406012023084299931
000000197406012023085599930
000000197406012023095499931
000000197406012023095499931
000000197406012023095499931
000000197406012023095499931
000000197406012023095499931
000000197406012023101199930
000000197406012023120099931
000000197406012023120099931
000000197406012023120099920
000000197406012023130199921
000000197406012023130199930
000000197406012023143699931
000000197406012023143699931
000000197406012023144999930
000000197406012023153899931
000000197406012023153899931
000000631806012023075599910
000000631806012023075599930
000000631806012023081099931
000000631806012023120699920
000000631806012023130899921
000000631806012023170099911
000000292106012023075899910
000000292106012023075999911
000000210606012023075999910
000000210606012023110099920
000000210606012023120199921
000000210606012023170299911
000000292606012023075999910
000000292606012023120199920
000000292606012023130099921
000000292606012023165899911
000000483206012023075999910
000000483206012023114099920
000000483206012023124299921
000000483206012023163699911
000000906306012023080099910
000000906306012023124899920
000000906306012023134899921
000000906306012023134899921
000000906306012023134899921
000000906306012023190899911
000000052806012023080099910
000000052806012023122399920
000000052806012023132499921
000000052806012023170099911
000000738206012023080199910
000000738206012023121199920
000000738206012023141299921
000000738206012023180199911
000000302606012023080199910
000000302606012023122299920
000000302606012023132399921
000000302606012023170099911
000000063806012023080299910
000000063806012023125599920
000000063806012023135799921
000000063806012023191199911
000000030606012023080399910
000000030606012023131099920
000000030606012023141199921
000000030606012023175599911
000000781206012023083699910
000000781206012023113399920
000000781206012023123399921
000000781206012023201199911
000000746706012023085099910
000000746706012023130899920
000000746706012023144099921
000000746706012023170299930
000000746706012023172599931
000000746706012023181299911
000000694006012023085999910
000000694006012023123799920
000000694006012023134099921
000000694006012023180499911
000000007806012023090299910
000000007806012023130199920
000000007806012023140399921
000000007806012023190199911
000000890106012023090299910
000000890106012023125299920
000000890106012023135899921
000000890106012023172099911
000000609906012023092599910
000000609906012023133499920
000000609906012023143799921
000000609906012023174699911
000000487506012023093899910
000000487506012023104399920
000000487506012023114499921
000000487506012023133099911
000000083606012023094099910
000000083606012023160799911
000000652406012023095599910
000000652406012023113199920
000000764106012023095799910
000000764106012023141699920
000000764106012023151799921
000000764106012023194699911
000000905906012023100899910
000000905906012023100899911
000000758306012023101399910
000000758306012023101399911
000000414406012023105599910
000000414406012023141699920
000000414406012023151899921
000000414406012023192199911
000000007706012023105899910
000000007706012023105899911
000000859006012023105899910
000000859006012023151699920
000000859006012023161699921
000000859006012023190099911
000000007906012023105999910
000000007906012023105999920
000000007906012023130199921
000000007906012023130199911
000000006606012023110099910
000000006606012023110099911
000000007506012023110199910
000000007506012023110199920
000000007506012023130099921
000000007506012023130099911
000000007206012023110199910
000000007206012023110199920
000000007206012023130399921
000000007206012023130399911
000000029006012023121399910
000000029006012023121599920
000000029006012023141599921
000000029006012023180199911
000000292106012023123799910
000000292106012023123799920
000000292106012023133899921
000000292106012023173799911
000000149406012023130799910
000000149406012023130899911
000000758306012023131699910
000000758306012023170699920
000000758306012023180799921
000000758306012023195199911
000000225406012023134199910
000000225406012023140399920
000000225406012023150499921
000000225406012023173499911
000000171106012023135599910
000000171106012023142099911
000000007006012023143199910
000000007006012023143299911
000000591306012023155199910
000000591306012023155199911
000000689206012023160199910
000000689206012023160199911
000000007406012023162499910
000000007406012023162499911
000000487506012023162899910
000000487506012023162899911
000000005706012023163099910
000000005706012023163199911
000000007206012023163199910
000000007206012023163199911
000000007906012023164199910
000000007906012023164199911
000000007506012023164399910
000000007506012023164399911
000000639106012023164599911
000000639106012023164599910
000000639106012023164599911
000000149406012023175999910
000000149406012023180099920
000000149406012023190499921
000000149406012023190499911
000000149406012023201399910
000000149406012023201499911
