000000006626012023051599906
000000006626012023051599902
000000036626012023050599901
000000036626012023054799905
000000036626012023094099906
000000036626012023095099905
000000036626012023105299906
000000036626012023110799905
000000036626012023112199906
000000036626012023112899905
000000036626012023120299906
000000036626012023120299903
000000036626012023130499904
000000036626012023130699905
000000036626012023132699906
000000036626012023134799905
000000036626012023152199906
000000036626012023152199906
000000036626012023152199906
000000036626012023153299905
000000036626012023162799906
000000036626012023162799906
000000036626012023164699905
000000036626012023165599906
000000036626012023193599902
000000006626012023051599901
000000006626012023111099903
000000006626012023115699904
000000006626012023190699902
000000009326012023054799901
000000009326012023071599905
000000009326012023090099906
000000009326012023102799905
000000009326012023114999906
000000009326012023115599903
000000009326012023130599904
000000009326012023130599905
000000009326012023144799906
000000009326012023145399905
000000009326012023153699906
000000009326012023163899905
000000009326012023173199906
000000009326012023192799905
000000009326012023193999906
000000009326012023195899902
000000042126012023060099901
000000042126012023060099905
000000042126012023094399906
000000042126012023095499905
000000042126012023105499906
000000042126012023110399905
000000042126012023120099906
000000042126012023123299903
000000042126012023135499904
000000042126012023135499905
000000042126012023140699906
000000042126012023141899905
000000042126012023152099906
000000042126012023152499905
000000042126012023160199906
000000042126012023161599905
000000042126012023163499906
000000042126012023163899905
000000042126012023165299906
000000042126012023173799905
000000042126012023180299906
000000042126012023182199905
000000042126012023184099906
000000042126012023184099902
000000033326012023061099901
000000033326012023061499905
000000033326012023081399906
000000033326012023110899903
000000033326012023122199904
000000033326012023132199905
000000033326012023145199906
000000033326012023181999902
000000047326012023062399901
000000047326012023080799905
000000047326012023103399906
000000047326012023110799905
000000047326012023112499906
000000047326012023122299903
000000047326012023134699904
000000047326012023134699905
000000047326012023151799906
000000047326012023160799905
000000047326012023162899906
000000047326012023173099905
000000047326012023194299906
000000047326012023200499902
000000044926012023062499901
000000044926012023065799905
000000044926012023091199906
000000044926012023093499905
000000044926012023110399906
000000044926012023111699905
000000044926012023112299906
000000044926012023115099905
000000044926012023115699906
000000044926012023121799905
000000044926012023122699906
000000044926012023122799903
000000044926012023132599904
000000044926012023132999905
000000044926012023134199906
000000044926012023142499905
000000044926012023144399906
000000044926012023151299905
000000044926012023160199906
000000044926012023162199905
000000044926012023163799906
000000044926012023173199902
000000024226012023062799901
000000024226012023103499905
000000024226012023120999906
000000024226012023123299903
000000024226012023133499904
000000024226012023133499905
000000024226012023144499906
000000024226012023153499905
000000024226012023192399906
000000024226012023222099902
000000006926012023064299901
000000006926012023064699905
000000006926012023065299906
000000006926012023080899905
000000006926012023110499906
000000006926012023110499903
000000006926012023122399904
000000006926012023140599905
000000006926012023152499906
000000006926012023152999905
000000006926012023161599906
000000006926012023174099905
000000006926012023181899906
000000006926012023190199905
000000006926012023191099906
000000006926012023200299902
000000005926012023065399901
000000005926012023065399905
000000005926012023072199906
000000005926012023083299905
000000005926012023104199906
000000005926012023105899905
000000005926012023110099906
000000005926012023113899905
000000005926012023123899906
000000005926012023130199903
000000005926012023140499904
000000005926012023140499905
000000005926012023155999906
000000005926012023161499905
000000005926012023164599906
000000005926012023170099905
000000005926012023174699906
000000005926012023183699902
000000027326012023070299901
000000027326012023070299905
000000027326012023115899906
000000027326012023115899903
000000027326012023130399904
000000027326012023130399905
000000027326012023141599906
000000027326012023145799902
000000034226012023075799901
000000034226012023082699905
000000034226012023121299906
000000034226012023121299903
000000034226012023131199904
000000034226012023131199905
000000034226012023175499906
000000034226012023221999902
000000006126012023072999905
000000006126012023075799906
000000006126012023080899905
000000006126012023081999906
000000006126012023082699905
000000006126012023084199906
000000006126012023090299905
000000006126012023095899906
000000006126012023101099905
000000006126012023104499906
000000006126012023105599905
000000006126012023111099906
000000006126012023112599905
000000006126012023114599906
000000006126012023120199905
000000006126012023125899906
000000006126012023125899903
000000006126012023143999904
000000006126012023143999905
000000006126012023152599906
000000006126012023152899905
000000006126012023154199906
000000006126012023154799905
000000006126012023160799906
000000006126012023162099905
000000006126012023162299906
000000006126012023164899905
000000006126012023170899906
000000006126012023171699905
000000006126012023172799906
000000006126012023174899902
