000000028715032023043099910
000000028715032023072199911
000000007415032023050099910
000000007415032023105299920
000000007415032023115299921
000000007415032023135399911
000000006515032023050199910
000000006515032023081199911
000000007815032023051599910
000000007815032023074199911
000000905915032023055599910
000000905915032023055699911
000000005715032023055799910
000000005715032023072999911
000000011015032023055899910
000000011015032023072899911
000000300915032023060099910
000000300915032023060199911
000000296415032023060099910
000000296415032023103099920
000000296415032023113199921
000000296415032023141899911
000000007015032023060199910
000000007015032023082499930
000000007015032023091999931
000000007015032023095199920
000000007015032023105299921
000000007015032023105299921
000000007015032023105299921
000000007015032023105299930
000000007015032023112099931
000000007015032023143499911
000000171115032023060299910
000000171115032023084699911
000000525115032023060299910
000000525115032023060299911
000000487515032023060299910
000000487515032023060299911
000000634215032023060299910
000000634215032023060399911
000000409715032023060399910
000000409715032023085099930
000000409715032023100499931
000000409715032023100499920
000000409715032023110599921
000000409715032023110599930
000000409715032023121699931
000000409715032023145499911
000000300915032023061699910
000000300915032023103899911
000000006815032023063099910
000000006815032023063099911
000000591315032023065599910
000000591315032023122499920
000000591315032023132799921
000000591315032023161699911
000000830915032023065599910
000000830915032023125399920
000000830915032023135599921
000000830915032023171699911
000000634115032023065599910
000000634115032023105499920
000000634115032023115599921
000000634115032023105499920
000000634115032023163199911
000000590915032023065699910
000000590915032023122199920
000000590915032023132299921
000000590915032023154399911
000000452815032023065699910
000000452815032023121599920
000000452815032023131899921
000000452815032023152199911
000000731515032023065699910
000000731515032023110199920
000000731515032023120299921
000000731515032023153299911
000000007515032023065799910
000000007515032023065799911
000000689215032023065799910
000000689215032023123999920
000000689215032023134199921
000000689215032023163299911
000000007315032023065799910
000000007315032023113899920
000000007315032023123999921
000000007315032023113899920
000000007315032023173099911
000000007915032023065899910
000000007915032023065899911
000000652415032023065899910
000000652415032023123699920
000000652415032023133899921
000000652415032023152399911
000000007715032023065999910
000000007715032023112699920
000000007715032023122799921
000000007715032023135399911
000000500715032023070099910
000000083615032023070199910
000000083615032023070999930
000000083615032023091899931
000000083615032023120599920
000000083615032023140699921
000000083615032023140699930
000000083615032023153399931
000000083615032023170099911
000000009115032023070399910
000000009115032023070499910
000000009115032023110299920
000000239515032023070699910
000000239515032023104499920
000000239515032023114599921
000000239515032023104499920
000000239515032023155699911
000000153315032023071799910
000000153315032023111099920
000000153315032023131199921
000000153315032023171499911
000000306815032023072099910
000000306815032023110399920
000000306815032023130399921
000000306815032023170099911
000000622215032023072499910
000000622215032023072499911
000000034515032023072699910
000000034515032023114899920
000000034515032023134899921
000000034515032023172699911
000000268915032023072799910
000000268915032023120299920
000000268915032023130399921
000000268915032023170099911
000000021715032023072799910
000000021715032023110099920
000000021715032023130099921
000000021715032023173099911
000000488715032023072899910
000000488715032023114899920
000000488715032023125099921
000000488715032023163199911
000000052815032023072899910
000000052815032023113299920
000000052815032023123399921
000000052815032023170099911
000000535115032023073099910
000000535115032023114299920
000000535115032023124499921
000000190515032023073099910
000000190515032023110599920
000000190515032023130499921
000000190515032023173299911
000000731715032023073199910
000000731715032023112699920
000000731715032023132799921
000000731715032023180199911
000000011015032023073499911
000000005715032023073899910
000000005715032023090399911
000000007815032023074799910
000000007815032023112499920
000000007815032023122599921
000000007815032023154399911
000000028715032023074999910
000000028715032023084199920
000000028715032023094499921
000000028715032023122999930
000000028715032023130699931
000000028715032023134099911
000000266415032023075299910
000000266415032023121999920
000000266415032023133099921
000000266415032023170099911
000000197415032023075599910
000000197415032023080199930
000000197415032023080799931
000000197415032023081199930
000000197415032023082299931
000000197415032023082299931
000000197415032023082599930
000000197415032023122799931
000000197415032023084699930
000000197415032023085599931
000000197415032023090299930
000000197415032023091999931
000000197415032023092399930
000000197415032023094799931
000000197415032023094799931
000000197415032023100999930
000000197415032023103999931
000000197415032023112099930
000000197415032023114399931
000000197415032023120099930
000000197415032023122799931
000000197415032023122799931
000000197415032023122999920
000000197415032023133199921
000000197415032023140799930
000000197415032023141999931
000000197415032023144999930
000000197415032023145799931
000000197415032023152899930
000000197415032023153799931
000000631815032023075699910
000000631815032023124399920
000000631815032023134399921
000000631815032023170699911
000000738215032023075699910
000000738215032023123099920
000000738215032023143099921
000000738215032023192399911
000000210615032023075899910
000000210615032023125899920
000000210615032023140099921
000000210615032023172899911
000000030615032023075999910
000000846615032023080099910
000000846615032023140499920
000000846615032023160399921
000000846615032023173599911
000000694015032023080099910
000000225415032023080099910
000000225415032023122599920
000000225415032023133199921
000000225415032023165699911
000000302615032023080199910
000000302615032023120799920
000000302615032023130899921
000000302615032023170199911
000000906315032023080199910
000000906315032023124299920
000000906315032023134399921
000000906315032023170999911
000000408915032023080399910
000000408915032023123899920
000000408915032023134199921
000000408915032023170099911
000000292115032023080899910
000000292115032023121299920
000000292115032023131499921
000000292115032023131499921
000000292115032023173199911
000000746715032023085199910
000000746715032023130599920
000000746715032023143799921
000000746715032023181299911
000000890115032023085999910
000000890115032023122999920
000000890115032023133299921
000000890115032023180599911
000000525115032023092499910
000000525115032023132499911
000000487415032023095899910
000000487415032023161099920
000000487415032023171399921
000000487415032023210099911
000000781215032023095999910
000000781215032023152199920
000000781215032023162899921
000000781215032023220599911
000000171115032023100399910
000000171115032023100399920
000000171115032023110499921
000000171115032023110499911
000000883715032023105599910
000000883715032023140099920
000000883715032023150399921
000000883715032023203099911
000000764115032023105699910
000000764115032023140399920
000000764115032023150599921
000000764115032023191299911
000000414415032023105799910
000000414415032023153199920
000000414415032023163299921
000000414415032023193699911
000000859015032023105799910
000000859015032023143399920
000000859015032023153399921
000000859015032023191599911
000000007915032023105799910
000000007915032023105799920
000000007915032023125899921
000000007915032023125899911
000000011015032023110099910
000000011015032023110099920
000000011015032023120199921
000000011015032023143099911
000000007515032023110399910
000000007515032023110399920
000000007515032023130299921
000000007515032023130299911
000000005715032023111399910
000000005715032023111399920
000000005715032023131599921
000000005715032023131599911
000000006815032023111699910
000000006815032023111699920
000000006815032023121699921
000000006815032023121699911
000000622215032023120399910
000000622215032023121999920
000000622215032023132099921
000000622215032023132099921
000000622215032023132099921
000000622215032023152499911
000000149415032023120599910
000000149415032023120599911
000000487515032023121399910
000000487515032023121499911
000000500715032023124399910
000000500715032023124399920
000000500715032023134999921
000000500715032023160299911
000000030615032023130299910
000000030615032023130299920
000000030615032023140399921
000000030615032023170399911
000000525115032023132899910
000000525115032023132899920
000000525115032023143199921
000000525115032023144099911
000000007015032023143999910
000000007015032023144099911
000000634215032023145099910
000000634215032023145099911
000000609915032023145699910
000000609915032023190399920
000000609915032023200599921
000000171115032023145799910
000000171115032023145899911
000000300915032023152099910
000000300915032023152399911
000000006815032023154599910
000000006815032023154599911
000000005715032023154799910
000000005715032023154799911
000000905915032023161699910
000000905915032023161799911
000000007515032023165099910
000000007515032023165099911
000000007715032023165199910
000000007715032023165199911
000000007915032023165699910
000000007915032023165699911
000000149415032023170999910
000000149415032023171099920
000000149415032023181199921
000000149415032023181199911
000000695215032023174199910
000000695215032023183099911
000000149415032023214399910
000000149415032023214399911
