000000292104022023080799911
000000083604022023084799911
000000007304022023045699910
000000007304022023081899911
000000609904022023055699910
000000609904022023085699911
000000007804022023055899910
000000007804022023055899911
000000011004022023055899910
000000011004022023072199911
000000525104022023055899910
000000525104022023101799911
000000296404022023060099910
000000296404022023060199911
000000409704022023060299910
000000409704022023060299911
000000300904022023060399910
000000300904022023113899911
000000487504022023060499910
000000487504022023112099920
000000487504022023122299921
000000487504022023142899911
000000006504022023062199910
000000006504022023062199911
000000007404022023062299910
000000007404022023101699911
000000634104022023065599910
000000634104022023122099920
000000634104022023132199921
000000634104022023122099920
000000634104022023161799911
000000830904022023065599910
000000830904022023115199920
000000830904022023125299921
000000830904022023162899911
000000731504022023065599910
000000731504022023065699911
000000639104022023065699910
000000639104022023134899920
000000639104022023145499921
000000639104022023150799911
000000239504022023065799910
000000239504022023105599911
000000590904022023065899910
000000590904022023065899911
000000210604022023065999910
000000210604022023113099911
000000591304022023065999910
000000006704022023070099910
000000006704022023070099911
000000007004022023070099910
000000007004022023070199911
000000007504022023070099910
000000007504022023070099911
000000006604022023070199910
000000006604022023070199910
000000006604022023070199910
000000006604022023070199910
000000006604022023070199910
000000007904022023070199910
000000007904022023070199911
000000452804022023070199910
000000452804022023133199911
000000006604022023070199911
000000007604022023070199910
000000007604022023070199911
000000652404022023070299910
000000652404022023121099920
000000652404022023131199921
000000652404022023151599911
000000006804022023070399910
000000006804022023084699930
000000006804022023102499931
000000006804022023103599920
000000006804022023113699921
000000006804022023124499911
000000731504022023072399910
000000731504022023115399920
000000731504022023125499921
000000731504022023163399911
000000007804022023072499910
000000007804022023105999920
000000007804022023120099921
000000007804022023120099911
000000416204022023072799910
000000416204022023115499930
000000416204022023135099931
000000416204022023135099911
000000021704022023072999910
000000021704022023113299911
000000034504022023072999910
000000034504022023113099911
000000343204022023074299910
000000343204022023125099911
000000846604022023074999910
000000846604022023112099940
000000846604022023113699941
000000846604022023131799911
000000029004022023075599910
000000029004022023104599940
000000029004022023110099941
000000029004022023130599911
000000028704022023075599910
000000030604022023075799910
000000052804022023075899910
000000052804022023120099911
000000488704022023075899910
000000408904022023075999910
000000408904022023121599911
000000268904022023075999910
000000268904022023121799911
000000063804022023080099910
000000063804022023120099911
000000302604022023080099910
000000302604022023120099911
000000738204022023080099910
000000738204022023120099911
000000906304022023080099910
000000906304022023120199911
000000190504022023080299910
000000190504022023120299911
000000225404022023080299910
000000225404022023124999911
000000731704022023080299910
000000731704022023120099911
000000292104022023080799910
000000292104022023122799911
000000590904022023081999910
000000590904022023120599920
000000590904022023130799921
000000590904022023153599911
000000764104022023085799910
000000764104022023121799920
000000764104022023132099921
000000764104022023185399911
000000781204022023085799910
000000781204022023130399940
000000781204022023132099941
000000781204022023134299911
000000694004022023090099910
000000694004022023130399911
000000296404022023090499910
000000296404022023113399920
000000296404022023123499921
000000296404022023141899911
000000609904022023090999910
000000746704022023091099910
000000746704022023122399930
000000746704022023124899931
000000746704022023141899911
000000890104022023091599910
000000890104022023130299920
000000890104022023140399921
000000890104022023174399911
000000859004022023092599910
000000859004022023145799920
000000859004022023155799921
000000859004022023182899911
000000525104022023101999910
000000525104022023122899920
000000525104022023133199921
000000525104022023145599911
000000409704022023102099910
000000409704022023102099920
000000409704022023112399921
000000409704022023145499911
000000007404022023102599910
000000007404022023102599920
000000007404022023112699921
000000007404022023112699911
000000006504022023102699910
000000006504022023102699920
000000006504022023112799921
000000006504022023150599911
000000030604022023104899910
000000414404022023105599910
000000414404022023153399920
000000414404022023163699921
000000414404022023193799911
000000007904022023105899910
000000007904022023105899920
000000007904022023115999921
000000007904022023115999911
000000007504022023105999910
000000007504022023105999920
000000007504022023120099921
000000007004022023110099910
000000007004022023110099920
000000007004022023120299921
000000007004022023120299911
000000006704022023110099910
000000006704022023110099920
000000006704022023120099921
000000006704022023120099911
000000007604022023110099910
000000007604022023110099920
000000007604022023120099921
000000007604022023120099911
000000006604022023110099910
000000006604022023110099920
000000006604022023120099921
000000006604022023120099911
000000883704022023110499910
000000883704022023141499920
000000883704022023151999921
000000883704022023202099911
000000083604022023114799910
000000030604022023124499910
000000030604022023124499911
000000149404022023125999910
000000149404022023130199911
000000007604022023142999910
000000007604022023142999911
000000006604022023142999910
000000006604022023143099911
000000007804022023142999910
000000007804022023142999911
000000007004022023143099910
000000007004022023143099911
000000007904022023143099910
000000007904022023143099911
000000006704022023143099910
000000006704022023143099911
000000007404022023150699910
000000007404022023150699911
000000149404022023173399910
000000149404022023173499911
