000000906328022023081099911
000000028728022023043399910
000000028728022023071599911
000000007328022023050099910
000000007328022023072899911
000000006528022023050199910
000000006528022023084699911
000000006628022023055299910
000000006628022023055299911
000000634128022023055599910
000000634128022023055599911
000000483228022023055699910
000000483228022023073499911
000000409728022023055799910
000000409728022023055799911
000000011028022023055799910
000000011028022023072499911
000000171128022023055999910
000000171128022023100099920
000000171128022023110199921
000000171128022023160399911
000000300928022023055999910
000000300928022023111299920
000000300928022023121599921
000000300928022023151099911
000000525128022023060099910
000000525128022023120199920
000000525128022023130599921
000000525128022023150099911
000000296428022023060099910
000000296428022023112399920
000000296428022023122599921
000000296428022023155099911
000000487528022023060199910
000000487528022023111399920
000000487528022023121499921
000000487528022023163299911
000000634128022023060699910
000000634128022023094999920
000000634128022023105099921
000000634128022023150099911
000000409728022023061499910
000000409728022023102199920
000000409728022023112299921
000000409728022023112299911
000000487428022023061799910
000000487428022023103899920
000000487428022023114199921
000000487428022023183899911
000000007628022023062799910
000000007628022023105899911
000000005728022023062799910
000000005728022023081099911
000000830928022023065599910
000000830928022023121699920
000000830928022023131799921
000000830928022023121699920
000000830928022023155299911
000000452828022023065599910
000000590928022023065599910
000000590928022023114699920
000000590928022023124799921
000000590928022023160299911
000000639128022023065599910
000000639128022023140099920
000000639128022023150299921
000000639128022023154999911
000000007828022023065699910
000000007828022023112299920
000000007828022023122499921
000000007828022023173099911
000000007528022023065799910
000000007528022023065799911
000000408928022023065799910
000000408928022023115299920
000000408928022023125499921
000000408928022023170199911
000000006728022023065799910
000000006728022023073799930
000000006728022023074499931
000000006728022023083799930
000000006728022023105199931
000000006728022023110399920
000000006728022023120399921
000000006728022023131799911
000000591328022023065799910
000000591328022023130099920
000000591328022023140199921
000000591328022023173499911
000000689228022023065799910
000000689228022023125999920
000000689228022023140199921
000000689228022023172899911
000000652428022023065899910
000000652428022023121699920
000000652428022023131899921
000000652428022023163799911
000000007028022023065899910
000000007028022023065899911
000000239528022023070299910
000000239528022023103599920
000000239528022023113399921
000000239528022023103599920
000000239528022023155599911
000000006828022023070699910
000000006828022023070699911
000000731528022023070799910
000000731528022023121699920
000000731528022023131799921
000000731528022023172599911
000000029028022023071999910
000000029028022023115599920
000000029028022023135599921
000000029028022023173199911
000000609928022023072599910
000000609928022023114499911
000000021728022023072699910
000000021728022023110199920
000000021728022023130199921
000000021728022023180799911
000000190528022023072699910
000000190528022023111499920
000000190528022023132099921
000000343228022023072899910
000000343228022023121799920
000000343228022023141799921
000000343228022023181699911
000000034528022023072899910
000000034528022023110599920
000000034528022023130599921
000000034528022023175099911
000000488728022023072999910
000000488728022023113899920
000000488728022023123999921
000000488728022023175699911
000000052828022023072999910
000000052828022023114399920
000000052828022023124499921
000000731728022023073199910
000000731728022023110399920
000000731728022023130499921
000000007328022023073499910
000000007328022023104499920
000000007328022023114699921
000000007328022023153199911
000000483228022023074499910
000000483228022023105899920
000000483228022023115999921
000000483228022023161899911
000000846628022023075499910
000000846628022023114299920
000000846628022023134399921
000000846628022023134399921
000000846628022023173699911
000000197428022023075599910
000000197428022023075599930
000000197428022023081399931
000000197428022023082999930
000000197428022023083599931
000000197428022023090199930
000000197428022023090799931
000000197428022023094499930
000000197428022023095899931
000000197428022023101899930
000000197428022023102599931
000000197428022023102599931
000000197428022023102599931
000000197428022023110699930
000000197428022023113299931
000000197428022023113299931
000000197428022023113299931
000000197428022023120099930
000000197428022023121799931
000000197428022023121799931
000000197428022023122299920
000000197428022023132399921
000000268928022023075699910
000000268928022023115999920
000000268928022023130099921
000000268928022023173099911
000000781228022023075799910
000000781228022023142499920
000000781228022023152899921
000000781228022023162899911
000000030628022023075799910
000000030628022023124299920
000000030628022023134399921
000000030628022023170099911
000000210628022023075899910
000000210628022023122999920
000000210628022023133099921
000000210628022023170099911
000000292628022023080099910
000000292628022023080399911
000000302628022023080099910
000000302628022023120999920
000000302628022023131099921
000000302628022023170099911
000000738228022023080099910
000000738228022023120599920
000000738228022023140699921
000000738228022023181299911
000000225428022023080199910
000000225428022023130099920
000000225428022023140199921
000000225428022023170299911
000000764128022023080199910
000000764128022023120999920
000000764128022023131099921
000000063828022023080399910
000000063828022023080399911
000000767528022023080399910
000000767528022023130499921
000000767528022023171199911
000000028728022023080499910
000000028728022023081199930
000000028728022023081699931
000000028728022023083299920
000000028728022023093499921
000000028728022023121099930
000000028728022023123599931
000000028728022023130699930
000000028728022023133399931
000000028728022023133499911
000000906328022023081099910
000000906328022023121299920
000000906328022023131999921
000000906328022023170099911
000000746728022023085099910
000000746728022023102599930
000000746728022023103499931
000000746728022023113899920
000000746728022023131299921
000000746728022023181099911
000000890128022023085699910
000000890128022023120599920
000000890128022023131399921
000000890128022023180099911
000000694028022023085999910
000000694028022023120899920
000000694028022023131699921
000000694028022023180599911
000000292628022023092399910
000000292628022023120099920
000000292628022023130499921
000000292628022023130499911
000000758328022023092499910
000000758328022023144699911
000000859028022023105699910
000000859028022023144099920
000000859028022023154199921
000000859028022023191999911
000000414428022023105699910
000000414428022023152399920
000000414428022023162699921
000000414428022023194399911
000000006628022023105699910
000000006628022023105699920
000000006628022023115899921
000000006628022023115899911
000000007028022023105799910
000000007028022023105899920
000000007028022023130499921
000000007028022023130499911
000000007928022023105999910
000000007928022023130599921
000000007928022023130599911
000000883728022023105999910
000000883728022023140099920
000000883728022023150299921
000000883728022023150299921
000000883728022023183199911
000000007628022023110299910
000000007628022023110299920
000000007628022023120399921
000000007628022023152899911
000000905928022023110599910
000000905928022023110599911
000000007528022023112099910
000000007528022023112099910
000000007528022023112099920
000000007528022023132399921
000000409728022023112599910
000000409728022023170799911
000000452828022023120999910
000000452828022023120999920
000000452828022023131199921
000000452828022023164499911
000000149428022023130699910
000000149428022023130799911
000000007528022023132399911
000000006628022023151299910
000000006628022023151299911
000000005728022023153499910
000000005728022023170799911
000000007528022023162899910
000000007528022023162899911
000000006828022023164299910
000000006828022023164299911
000000007028022023164699910
000000007028022023164699911
000000006728022023164699910
000000006728022023164699911
000000007928022023164899910
000000007928022023164899911
000000292628022023165099910
000000292628022023165099911
000000695228022023171199910
000000695228022023181999911
000000063828022023174999910
000000063828022023174999911
000000149428022023175999910
000000149428022023175999920
000000149428022023190199921
000000149428022023190199911
000000149428022023213999910
000000149428022023214099911
000000609928022023145499920
000000609928022023155599921
