000000006504032023050199910
000000006504032023120999911
000000007304032023052599910
000000007304032023070199911
000000488704032023055699910
000000488704032023090199911
000000487504032023060199910
000000487504032023060299911
000000296404032023060199910
000000296404032023060299911
000000300904032023060299910
000000300904032023060299911
000000634204032023060299910
000000634204032023130999911
000000487504032023062599910
000000487504032023103299920
000000487504032023113399921
000000487504032023131399911
000000781204032023063699910
000000781204032023130299940
000000781204032023131899941
000000781204032023134199911
000000590904032023065599910
000000590904032023114899920
000000590904032023125099921
000000590904032023165599911
000000239504032023065599910
000000239504032023105299911
000000634104032023065699910
000000634104032023120699920
000000634104032023130699921
000000634104032023151999911
000000591304032023065799910
000000591304032023113499920
000000591304032023123699921
000000591304032023151799911
000000731504032023065799910
000000731504032023110699920
000000731504032023120899921
000000731504032023152499911
000000622204032023065799910
000000622204032023065799911
000000007804032023065899910
000000007804032023065899911
000000009104032023065899910
000000009104032023120299911
000000452804032023065899910
000000452804032023113199920
000000452804032023123399921
000000452804032023162399911
000000006804032023070099910
000000006804032023084899930
000000006804032023110299931
000000006804032023110299920
000000006804032023120399921
000000007004032023070099910
000000007004032023070099911
000000007704032023070099910
000000652404032023070199910
000000652404032023121299920
000000652404032023132099921
000000652404032023152999911
000000007904032023070199910
000000007504032023070299910
000000007504032023070299911
000000153304032023071799910
000000153304032023123999911
000000306804032023072099910
000000306804032023112299940
000000306804032023113799941
000000306804032023132199911
000000029004032023072599910
000000029004032023111099940
000000029004032023112599941
000000029004032023132699911
000000731704032023073199910
000000731704032023113199911
000000266404032023075199910
000000266404032023120199911
000000764104032023075599910
000000764104032023133099911
000000631804032023075599910
000000631804032023075599930
000000631804032023120399931
000000631804032023120399911
000000030604032023075699910
000000030604032023120499911
000000083604032023075699910
000000083604032023120099911
000000225404032023075799910
000000225404032023131199911
000000689204032023075799910
000000689204032023143199911
000000408904032023075899910
000000408904032023120099911
000000210604032023075999910
000000210604032023120399911
000000694004032023075999910
000000694004032023120699911
000000268904032023075999910
000000268904032023122199911
000000052804032023075999910
000000302604032023080099910
000000302604032023120099911
000000738204032023080099910
000000738204032023120099911
000000190504032023080099910
000000695204032023080099910
000000695204032023121999911
000000906304032023080199910
000000906304032023120199911
000000535104032023081099910
000000535104032023124099911
000000028704032023085499910
000000028704032023091099930
000000028704032023120199931
000000028704032023120299931
000000028704032023120299911
000000905904032023085799910
000000905904032023085799911
000000890104032023090099910
000000890104032023144199911
000000296404032023090799910
000000296404032023100699920
000000296404032023101699921
000000296404032023101699920
000000296404032023112099921
000000296404032023141699911
000000746704032023091099910
000000746704032023130199940
000000746704032023131699941
000000746704032023141699911
000000300904032023092599910
000000300904032023124899911
000000414404032023105599910
000000414404032023161399920
000000414404032023171599921
000000414404032023190599911
000000883704032023105799910
000000883704032023140099920
000000883704032023150299921
000000883704032023194299911
000000007304032023105899910
000000007004032023105899910
000000007004032023110399920
000000007004032023120599921
000000007004032023120599911
000000859004032023105899910
000000859004032023142699920
000000859004032023152799921
000000859004032023152799921
000000859004032023184399911
000000007504032023105999910
000000007804032023105999910
000000007804032023105999920
000000007804032023120099921
000000007804032023120099911
000000622204032023112199910
000000487404032023115599910
000000487404032023160199911
000000149404032023115999910
000000149404032023120399911
000000296404032023122299910
000000296404032023140699911
000000622204032023124599910
000000622204032023124599920
000000622204032023134999921
000000622204032023173599911
000000007504032023142899910
000000007504032023142899911
000000007804032023142999910
000000007804032023142999911
000000007804032023142999911
000000007804032023142999911
000000007004032023143099910
000000007004032023143099911
000000149404032023190899910
000000149404032023190999911
