000000210624052023065399911
000000007424052023045999910
000000006724052023050099910
000000007824052023050099910
000000007824052023073399911
000000007324052023050199910
000000487424052023055799910
000000487424052023120099920
000000487424052023130399921
000000487424052023142099911
000000487524052023055799910
000000487524052023055799911
000000535124052023055799910
000000535124052023080799911
000000011024052023055899910
000000011024052023061399911
000000007024052023060099910
000000007024052023060099911
000000171124052023060299910
000000171124052023100099920
000000171124052023110399921
000000171124052023100099920
000000171124052023110399921
000000171124052023142399911
000000409724052023060399910
000000409724052023060399911
000000634224052023060599910
000000634224052023060699911
000000409724052023061399910
000000409724052023100299920
000000409724052023110399921
000000409724052023110399930
000000409724052023140499931
000000409724052023150299911
000000487524052023061699910
000000487524052023091199911
000000622224052023063699910
000000622224052023063699911
000000007624052023064199910
000000007624052023064299911
000000083624052023065599910
000000083624052023070399930
000000083624052023082699931
000000083624052023140199920
000000083624052023160199921
000000083624052023170099911
000000758324052023065599910
000000758324052023121199920
000000758324052023131399921
000000758324052023171099911
000000830924052023065599910
000000830924052023123599920
000000830924052023133299921
000000830924052023165299911
000000007924052023065699910
000000007924052023065699911
000000590924052023065699910
000000590924052023122999920
000000590924052023133299921
000000590924052023162299911
000000007524052023065799910
000000239524052023065799910
000000239524052023115299920
000000239524052023125499921
000000239524052023162399911
000000591324052023065799910
000000591324052023120999911
000000007724052023065899910
000000007724052023113299920
000000007724052023133399921
000000007724052023154299911
000000006624052023065899910
000000006624052023105799920
000000006624052023120099921
000000006624052023120099911
000000689224052023065999910
000000689224052023114599920
000000689224052023124699921
000000689224052023163099911
000000731524052023070099910
000000731524052023112599920
000000731524052023122799921
000000210624052023070099910
000000210624052023113799920
000000210624052023123899921
000000210624052023162599911
000000408924052023070099910
000000408924052023115799920
000000408924052023125999921
000000306824052023070399910
000000306824052023110599920
000000306824052023130599921
000000306824052023170699911
000000500724052023070499910
000000500724052023085599930
000000500724052023102599931
000000500724052023110099920
000000500724052023120299921
000000500724052023120299930
000000500724052023133999931
000000500724052023151699911
000000652424052023070599911
000000652424052023070599911
000000652424052023070599911
000000652424052023070599911
000000652424052023070599911
000000652424052023070699910
000000652424052023070699911
000000029024052023071599910
000000029024052023120599920
000000029024052023140599921
000000153324052023071599910
000000153324052023102999940
000000153324052023102999941
000000153324052023102999920
000000153324052023123099921
000000153324052023174499911
000000452824052023071899910
000000452824052023123499920
000000452824052023152199921
000000452824052023152199911
000000731724052023072599910
000000731724052023120199920
000000731724052023140399921
000000488724052023072699910
000000488724052023113999920
000000488724052023124099921
000000488724052023163899911
000000268924052023072899910
000000268924052023113399920
000000268924052023123499921
000000268924052023162999911
000000052824052023072999910
000000052824052023113899920
000000052824052023123999921
000000052824052023141299911
000000190524052023072999910
000000190524052023110899920
000000190524052023130899921
000000483224052023073399910
000000483224052023113999920
000000483224052023123999921
000000483224052023163099911
000000126424052023073699910
000000126424052023073699930
000000126424052023081099931
000000126424052023114699920
000000126424052023124799921
000000126424052023131799930
000000126424052023133799931
000000126424052023143699930
000000126424052023144099931
000000126424052023144899911
000000006724052023073899910
000000006724052023110599930
000000006724052023110799931
000000006724052023110599930
000000006724052023115699920
000000006724052023125699921
000000006724052023125699911
000000302624052023074699910
000000302624052023112099920
000000302624052023124599921
000000266424052023075499910
000000266424052023122399920
000000266424052023133499921
000000266424052023174199911
000000631824052023075599910
000000631824052023075599930
000000631824052023081499931
000000631824052023120699920
000000631824052023130799921
000000631824052023154399930
000000631824052023165999931
000000631824052023165999911
000000416224052023075699910
000000416224052023121699920
000000416224052023141799921
000000292624052023075899910
000000292624052023120299920
000000292624052023170299911
000000225424052023075999910
000000225424052023124099920
000000225424052023134299921
000000225424052023170399911
000000695224052023075999910
000000695224052023170099911
000000736124052023080099910
000000736124052023113599920
000000736124052023123699921
000000736124052023170099911
000000738224052023080099910
000000738224052023111499920
000000738224052023131599921
000000738224052023180599911
000000906324052023080099910
000000906324052023123299920
000000906324052023133299921
000000906324052023165099911
000000299124052023080199910
000000299124052023123799920
000000299124052023133899921
000000299124052023165599911
000000767524052023080499910
000000767524052023121799920
000000767524052023132299921
000000767524052023150599911
000000742524052023080699910
000000742524052023124399920
000000742524052023135399921
000000742524052023174099911
000000292124052023080899910
000000292124052023132299920
000000292124052023142399921
000000292124052023170999911
000000063824052023081199910
000000063824052023132699920
000000063824052023142799921
000000063824052023174199911
000000030624052023081299910
000000030624052023081299911
000000622224052023081299910
000000622224052023105699911
000000030624052023081599910
000000030624052023123599920
000000030624052023133699921
000000030624052023170899911
000000846624052023083599910
000000617924052023084299910
000000617924052023102799930
000000617924052023104699931
000000617924052023121299920
000000617924052023140299921
000000617924052023153199930
000000617924052023160199931
000000617924052023162399930
000000617924052023172299911
000000746724052023085199910
000000746724052023130599920
000000746724052023143699921
000000746724052023181099911
000000890124052023085499910
000000890124052023122799920
000000890124052023133199921
000000890124052023165899911
000000694024052023090599910
000000694024052023121299920
000000694024052023131999921
000000694024052023180399911
000000535124052023091699910
000000535124052023122899920
000000535124052023133199921
000000535124052023155899911
000000007024052023094699910
000000007024052023094699920
000000007024052023104799921
000000007024052023104799911
000000028724052023100299910
000000028724052023125099930
000000028724052023131099931
000000028724052023133899911
000000487524052023100499910
000000487524052023100499920
000000487524052023110599921
000000487524052023110599911
000000883724052023100999910
000000883724052023131099920
000000883724052023141299921
000000883724052023173299911
000000764124052023103299910
000000764124052023132799920
000000764124052023142899921
000000764124052023174299911
000000414424052023105699910
000000414424052023151599920
000000414424052023161699921
000000414424052023173799911
000000007924052023105699910
000000007924052023105699920
000000007924052023125899921
000000007924052023125899911
000000905924052023105699910
000000905924052023140999920
000000905924052023151299921
000000905924052023191799911
000000021724052023110599910
000000021724052023110699920
000000021724052023130799921
000000149424052023120599910
000000149424052023120599911
000000591324052023122399910
000000591324052023130099920
000000591324052023140199921
000000591324052023172399911
000000634124052023125299910
000000634124052023125399911
000000622224052023131299910
000000622224052023131299920
000000622224052023141499921
000000622224052023141499911
000000007024052023142899910
000000007024052023142899911
000000006724052023144299910
000000006724052023144299910
000000006724052023144299911
000000609924052023145599910
000000609924052023145699911
000000622224052023145699910
000000622224052023145699911
000000006624052023150399910
000000006624052023150399911
000000197424052023155499910
000000197424052023155699930
000000197424052023170199931
000000197424052023170199911
000000634124052023170799910
000000634124052023170899920
000000634124052023180899921
000000634124052023180899911
000000007624052023182699910
000000007624052023182699911
000000609924052023223899910
000000609924052023223899911
