000000639111012023124499920
000000639111012023134699921
000000639111012023124499920
000000639111012023151899911
000000190511012023113699920
000000190511012023133799921
000000028711012023042899910
000000028711012023072799911
000000006811012023045499910
000000006811012023071299930
000000006811012023080799931
000000006811012023091799930
000000006811012023110099931
000000006811012023110099920
000000006811012023120299921
000000006811012023133699911
000000006511012023045599910
000000006511012023074299911
000000006711012023045599910
000000006711012023101799911
000000007711012023045899910
000000007711012023080699911
000000006611012023052999910
000000006611012023102599920
000000006611012023160099911
000000609911012023055599910
000000609911012023080099911
000000171111012023055799910
000000171111012023100199920
000000007011012023060099910
000000007011012023081699930
000000007011012023084399931
000000007011012023091599930
000000007011012023094899931
000000007011012023104699920
000000007011012023114899921
000000007011012023121999930
000000007011012023124199931
000000007011012023134199911
000000409711012023060099910
000000409711012023060199911
000000300911012023060299910
000000300911012023060299911
000000487511012023060399910
000000487511012023100799920
000000487511012023140099911
000000634211012023060499910
000000634211012023060499911
000000409711012023061699910
000000409711012023095599920
000000634211012023062799910
000000634211012023075099930
000000634211012023100899931
000000634211012023123999921
000000634211012023133099911
000000590911012023065599910
000000590911012023114499920
000000590911012023124599921
000000590911012023151599911
000000830911012023065599910
000000830911012023121899920
000000830911012023131999921
000000830911012023182099911
000000591311012023065599910
000000591311012023121099920
000000591311012023131199921
000000591311012023151599911
000000652411012023065599910
000000652411012023121699921
000000652411012023161499911
000000005711012023065599910
000000005711012023105999920
000000005711012023130099921
000000005711012023130099911
000000007911012023065599910
000000007911012023065599911
000000452811012023065699910
000000452811012023121199920
000000452811012023131499921
000000452811012023152199911
000000007811012023065699910
000000007811012023065699911
000000007511012023065699910
000000007511012023065699911
000000731511012023065799910
000000731511012023125199920
000000731511012023135299921
000000731511012023160899911
000000210611012023065999910
000000210611012023122299920
000000210611012023132399921
000000210611012023170099911
000000525111012023070199910
000000525111012023123299920
000000525111012023133799921
000000525111012023174899911
000000500711012023070999910
000000500711012023121299920
000000500711012023131599921
000000622211012023071399910
000000622211012023122399920
000000622211012023133199921
000000622211012023173499911
000000153311012023071799910
000000153311012023115999920
000000153311012023140199921
000000153311012023171399911
000000306811012023072099910
000000306811012023110099920
000000306811012023130099921
000000306811012023170099911
000000689211012023072199910
000000689211012023072199911
000000009111012023072499910
000000009111012023114499920
000000009111012023134699921
000000009111012023173199911
000000034511012023072599910
000000034511012023113899920
000000034511012023133999921
000000034511012023133999921
000000034511012023172699911
000000731711012023072899910
000000731711012023120099920
000000731711012023140499921
000000052811012023072899910
000000052811012023121499920
000000052811012023131599921
000000052811012023153099911
000000488711012023072999910
000000488711012023115699920
000000488711012023125799921
000000488711012023153099911
000000535111012023073099910
000000535111012023115099920
000000535111012023125499921
000000535111012023155599911
000000846611012023074799910
000000846611012023110099920
000000846611012023125799921
000000846611012023174099911
000000006511012023074799910
000000006511012023115399920
000000006511012023125599921
000000006511012023153599911
000000483211012023074799910
000000483211012023115299920
000000483211012023125499921
000000483211012023152899911
000000266411012023074999910
000000266411012023120099920
000000266411012023131299921
000000028711012023075199911
000000028711012023075199910
000000028711012023083199920
000000028711012023093499921
000000028711012023124399930
000000028711012023131499931
000000028711012023134499911
000000631811012023075599910
000000631811012023075599930
000000631811012023090799931
000000631811012023122299920
000000631811012023132399921
000000631811012023132399930
000000631811012023132899931
000000631811012023160699930
000000631811012023170299931
000000631811012023170299911
000000416211012023075599910
000000416211012023075599930
000000416211012023091699931
000000416211012023094399930
000000416211012023104499931
000000416211012023120099920
000000416211012023140199921
000000416211012023153599930
000000416211012023154399931
000000416211012023175799911
000000063811012023075899910
000000063811012023124199920
000000063811012023134299921
000000063811012023170399911
000000487411012023075899910
000000487411012023123499920
000000487411012023133699921
000000487411012023140399911
000000225411012023080099910
000000225411012023120899920
000000225411012023130999921
000000225411012023170099911
000000302611012023080099910
000000302611012023120899920
000000302611012023130999921
000000302611012023170099911
000000292611012023080099910
000000292611012023120599920
000000292611012023131799921
000000292611012023131799911
000000738211012023080199910
000000738211012023122199920
000000738211012023142399921
000000738211012023180099911
000000906311012023080499910
000000906311012023123899920
000000906311012023133999921
000000906311012023172299911
000000029011012023080599910
000000029011012023113099920
000000029011012023133199921
000000029011012023180399911
000000292111012023080799910
000000292111012023123199921
000000292111012023123199921
000000292111012023172299911
000000030611012023080799910
000000030611012023122899920
000000030611012023133199921
000000030611012023133299911
000000007411012023082299910
000000007411012023082299911
000000083611012023082399910
000000083611012023161199911
000000746711012023085099910
000000746711012023130599920
000000746711012023143699921
000000746711012023181399911
000000694011012023090099910
000000694011012023122999920
000000694011012023133899921
000000694011012023180399911
000000890111012023090299910
000000890111012023125899920
000000890111012023140199921
000000890111012023171599911
000000609911012023095599910
000000609911012023100099920
000000609911012023110299921
000000609911012023120199911
000000764111012023095799910
000000764111012023140199920
000000764111012023150299921
000000764111012023183099911
000000758311012023095999910
000000758311012023095999911
000000781211012023101499910
000000781211012023130099920
000000781211012023140399921
000000781211012023211099911
000000689211012023101699910
000000689211012023122899921
000000689211012023160099911
000000414411012023105699910
000000414411012023152099920
000000414411012023162299921
000000414411012023193899911
000000007811012023105799910
000000007811012023105799920
000000007811012023125999921
000000007811012023125999911
000000007511012023105899910
000000007511012023105899920
000000007511012023130099921
000000007511012023130099911
000000859011012023105899910
000000859011012023143399920
000000859011012023153499921
000000859011012023191799911
000000007911012023105899910
000000007911012023105899920
000000007911012023125999921
000000007911012023125999911
000000409711012023110099910
000000409711012023160699911
000000007411012023110199910
000000007411012023110199920
000000007411012023130199921
000000007411012023130199911
000000006711012023120399911
000000149411012023130599910
000000149411012023130699911
000000452811012023133999911
000000500711012023135099910
000000500711012023141999911
000000007811012023140099910
000000007811012023140099911
000000171111012023141599911
000000487411012023142399910
000000487411012023153599911
000000007011012023143099910
000000007011012023143099911
000000006711012023145799910
000000006711012023145799911
000000300911012023160199910
000000300911012023160199911
000000487411012023160299910
000000487411012023162099911
000000007411012023163199910
000000007411012023163199911
000000005711012023163499910
000000005711012023163499911
000000007911012023164299910
000000007911012023164299911
000000758311012023165099910
000000758311012023165099920
000000758311012023175299921
000000758311012023183299911
000000007511012023165299910
000000007511012023165299911
000000292611012023165799910
000000292611012023170499911
000000149411012023182999910
000000149411012023182999920
000000149411012023193099921
000000149411012023193099911
000000905911012023185499910
000000905911012023185499911
000000030611012023191999910
000000030611012023191999911
000000149411012023214799910
000000149411012023214899911
