000000030608042023080099911
000000030608042023120299911
000000007408042023052499910
000000007408042023113199920
000000007408042023123199921
000000007408042023145099911
000000171108042023055699910
000000171108042023055999911
000000007808042023055699910
000000007808042023102399920
000000007808042023112499921
000000007808042023135499911
000000634208042023060199910
000000634208042023060299911
000000487508042023060299910
000000487508042023123799911
000000409708042023060299910
000000409708042023060299911
000000487408042023060399910
000000487408042023060699911
000000171108042023060999910
000000171108042023103399920
000000171108042023113799921
000000171108042023124899911
000000452808042023065599910
000000452808042023071599911
000000830908042023065699910
000000830908042023123599920
000000830908042023163999911
000000007308042023065699910
000000007308042023065699911
000000239508042023065699910
000000239508042023114299911
000000006708042023065799910
000000006708042023065799911
000000006508042023065799910
000000006508042023065799911
000000083608042023065799910
000000083608042023070499930
000000083608042023085999931
000000083608042023112399911
000000299108042023065799910
000000299108042023124599911
000000007508042023065899910
000000007508042023065899911
000000007008042023065899910
000000007008042023065899911
000000005708042023065899910
000000005708042023065899911
000000590908042023065999910
000000590908042023065999910
000000590908042023115199920
000000590908042023125399921
000000007908042023065999910
000000007908042023065999911
000000525108042023065999910
000000525108042023121499920
000000525108042023131699921
000000525108042023151399911
000000591308042023070099910
000000591308042023135199911
000000306808042023070099910
000000306808042023110399940
000000306808042023111899941
000000306808042023131599911
000000266408042023070099910
000000266408042023123399911
000000408908042023070099910
000000408908042023123199911
000000738208042023070199910
000000738208042023120099911
000000006808042023070299910
000000006808042023070299911
000000153308042023071799910
000000153308042023102099930
000000153308042023103599931
000000153308042023115599940
000000153308042023121099941
000000153308042023123499911
000000622208042023071999910
000000622208042023071999911
000000034508042023072699910
000000034508042023125199911
000000021708042023072799910
000000021708042023115199911
000000416208042023073199910
000000416208042023073299930
000000416208042023082599931
000000416208042023085599930
000000416208042023094299931
000000416208042023101899920
000000416208042023101899921
000000416208042023101899911
000000622208042023073999910
000000622208042023121999920
000000622208042023132099921
000000622208042023155599911
000000452808042023074199910
000000452808042023115699920
000000452808042023130199921
000000409708042023074499910
000000409708042023104199911
000000746708042023074499910
000000746708042023134499940
000000746708042023135999941
000000746708042023141899911
000000846608042023074799910
000000846608042023131099911
000000695208042023075599910
000000695208042023125399911
000000609908042023075599910
000000609908042023075899911
000000631808042023075599910
000000631808042023120899911
000000197408042023075699910
000000197408042023075699930
000000197408042023081299931
000000197408042023083199930
000000197408042023083499931
000000197408042023083999930
000000197408042023095999931
000000197408042023101199930
000000197408042023123499931
000000197408042023123499911
000000028708042023075699910
000000028708042023075699930
000000028708042023082699931
000000028708042023084299930
000000028708042023095199931
000000028708042023100799930
000000028708042023120699931
000000028708042023120699911
000000292608042023075799910
000000292608042023120099911
000000052808042023075799910
000000488708042023075799910
000000488708042023115699911
000000906308042023075899910
000000906308042023134099911
000000535108042023075899910
000000535108042023075899911
000000731708042023075899910
000000731708042023121899911
000000483208042023075999910
000000483208042023080099911
000000767508042023080099910
000000767508042023121699911
000000030608042023080099910
000000030608042023080099911
000000190508042023080099910
000000190508042023120499911
000000302608042023080199910
000000302608042023120199911
000000210608042023080299910
000000210608042023120399911
000000292108042023080599910
000000292108042023122399911
000000742508042023081499910
000000742508042023122099911
000000343208042023083099910
000000343208042023122099940
000000343208042023123799941
000000343208042023131199911
000000764108042023085599910
000000764108042023145599911
000000905908042023085699910
000000905908042023124799920
000000905908042023134899921
000000905908042023192799911
000000694008042023090299910
000000694008042023131399911
000000890108042023091199910
000000890108042023131599911
000000634208042023095799910
000000634208042023123499911
000000483208042023095899910
000000483208042023115699911
000000487408042023095999910
000000487408042023125099920
000000487408042023135299921
000000487408042023142099911
000000416208042023104199910
000000416208042023104299930
000000416208042023111899931
000000859008042023105599910
000000414408042023105599910
000000414408042023141699920
000000414408042023151799921
000000414408042023194399911
000000409708042023105599910
000000409708042023112999920
000000409708042023123099921
000000409708042023132999911
000000007308042023105599910
000000007308042023105599920
000000007308042023115799921
000000007308042023115799911
000000883708042023105699910
000000883708042023141899920
000000883708042023152399921
000000883708042023193299911
000000007508042023105899910
000000007508042023105899920
000000007508042023120099921
000000007508042023120099911
000000005708042023105999910
000000005708042023105999920
000000005708042023120099921
000000005708042023120099911
000000007008042023105999910
000000007008042023105999920
000000007008042023120099921
000000007008042023120099911
000000006808042023105999910
000000006808042023110099920
000000006808042023120299921
000000006808042023120299911
000000006508042023110099910
000000006508042023110099920
000000006508042023120199921
000000006508042023120199911
000000006708042023110099910
000000006708042023110099920
000000006708042023120199921
000000006708042023120199911
000000535108042023115999910
000000535108042023115999911
000000030608042023120299910
000000030608042023120299911
000000500708042023120699910
000000500708042023161399920
000000500708042023171799921
000000500708042023191599911
000000007008042023131899910
000000007008042023131899911
000000006508042023135699910
000000006508042023135699911
000000007808042023135999910
000000007808042023153199911
000000171108042023140699910
000000171108042023180199911
000000005708042023141399910
000000005708042023141399911
000000007508042023141899910
000000007508042023141999911
000000006808042023142299910
000000006808042023142299911
000000590908042023145299911
000000590908042023145299911
