000000007423012023045599910
000000007423012023084099930
000000007423012023103099931
000000007423012023110599920
000000007423012023120599921
000000007423012023133099911
000000006623012023053299910
000000006623012023100199920
000000006623012023110199921
000000006623012023150399911
000000007023012023060099910
000000007023012023081399930
000000007023012023085499931
000000007023012023092999930
000000007023012023094699931
000000007023012023094699920
000000007023012023104899921
000000007023012023114599930
000000007023012023122099931
000000007023012023140699911
000000171123012023060199910
000000171123012023101399920
000000171123012023111599921
000000171123012023142599911
000000500723012023060299910
000000500723012023090699930
000000500723012023105099931
000000500723012023110999920
000000500723012023121099921
000000500723012023121099930
000000500723012023134599931
000000500723012023152499911
000000525123012023060399910
000000525123012023110099920
000000525123012023120299921
000000525123012023152199911
000000487523012023060399910
000000487523012023060399911
000000634223012023060499910
000000634223012023090599930
000000634223012023102899931
000000634223012023102899920
000000634223012023112999921
000000634223012023112999930
000000634223012023123599931
000000634223012023154899911
000000300923012023060499910
000000300923012023100099920
000000300923012023110199921
000000300923012023180599911
000000409723012023060599910
000000409723012023060599911
000000487423012023060599910
000000487423012023060699911
000000487523012023061299910
000000487523012023110299920
000000487523012023120599921
000000487523012023143199911
000000006723012023062699910
000000006723012023062699930
000000006723012023063799931
000000006723012023102399911
000000007723012023063999910
000000007723012023102399911
000000639123012023065599910
000000639123012023124399920
000000639123012023134499921
000000639123012023124399920
000000639123012023124399920
000000639123012023124399920
000000639123012023124399920
000000639123012023154199911
000000590923012023065699910
000000590923012023114199920
000000590923012023124399921
000000590923012023154299911
000000007923012023065699910
000000007923012023065699911
000000006523012023065699910
000000006523012023115599920
000000006523012023125699921
000000006523012023173599911
000000007223012023065699910
000000007223012023065699911
000000652423012023065699910
000000652423012023071599911
000000005723012023065699910
000000005723012023105799920
000000005723012023125799921
000000005723012023134899911
000000007823012023065799910
000000007823012023105999920
000000007823012023130199921
000000007823012023130199911
000000006823012023065799910
000000006823012023065799911
000000007523012023065899910
000000007523012023065899911
000000007623012023065899910
000000007623012023065899911
000000830923012023065899910
000000830923012023065899911
000000689223012023065899910
000000689223012023114799920
000000689223012023124899921
000000689223012023155699911
000000731723012023070099910
000000731723012023110399920
000000731723012023130399921
000000731723012023170299911
000000452823012023071299910
000000153323012023071599910
000000153323012023105999920
000000153323012023130099921
000000153323012023171899911
000000622223012023071599910
000000622223012023120399920
000000622223012023130499921
000000622223012023152199911
000000034523012023072599910
000000034523012023113399920
000000034523012023133399921
000000034523012023173099911
000000830923012023072599910
000000830923012023072599910
000000830923012023123899920
000000830923012023133999921
000000009123012023072699910
000000009123012023113299920
000000009123012023133499921
000000009123012023172999911
000000190523012023072699910
000000190523012023110699920
000000190523012023130599921
000000488723012023072899910
000000488723012023113099920
000000488723012023123299921
000000488723012023163099911
000000052823012023072899910
000000052823012023115399920
000000052823012023125499921
000000609923012023072999910
000000609923012023072999911
000000535123012023073099910
000000535123012023113399920
000000535123012023123599921
000000535123012023162999911
000000652423012023074999910
000000652423012023125199920
000000652423012023135299921
000000652423012023162399911
000000846623012023075099910
000000846623012023115799920
000000846623012023135499921
000000846623012023173599911
000000266423012023075099910
000000266423012023120399920
000000266423012023131499921
000000781223012023075399910
000000781223012023145099920
000000781223012023155399921
000000781223012023160399911
000000631823012023075599910
000000631823012023075599930
000000631823012023112599931
000000631823012023121499920
000000631823012023131599921
000000631823012023133399930
000000631823012023151799931
000000631823012023165999911
000000416223012023075599910
000000416223012023115799920
000000416223012023135899921
000000416223012023174699911
000000197423012023075599910
000000197423012023075599930
000000197423012023080799931
000000197423012023083499930
000000197423012023085199931
000000197423012023085499930
000000197423012023091799931
000000197423012023091799931
000000197423012023092999930
000000197423012023094299931
000000197423012023094999930
000000197423012023095799931
000000028723012023075699910
000000028723012023083999930
000000028723012023121299931
000000028723012023121299931
000000028723012023121299931
000000028723012023121299931
000000028723012023121299920
000000028723012023131499921
000000028723012023154299911
000000210623012023075799910
000000210623012023115599920
000000210623012023125699921
000000210623012023170099911
000000063823012023075999910
000000063823012023132299920
000000063823012023142499921
000000063823012023171299911
000000738223012023080099910
000000738223012023123399920
000000738223012023143499921
000000738223012023180099911
000000302623012023080099910
000000302623012023120299920
000000302623012023130399921
000000302623012023170099911
000000225423012023080099910
000000225423012023111199920
000000225423012023121599921
000000225423012023170099911
000000030623012023080099910
000000030623012023123199920
000000030623012023133299921
000000030623012023170599911
000000609923012023080399910
000000609923012023113199920
000000609923012023123299921
000000609923012023163099911
000000029023012023080599910
000000029023012023121299920
000000029023012023141299921
000000299123012023080699910
000000299123012023121299920
000000299123012023131299921
000000299123012023121299920
000000299123012023171199911
000000292123012023080799910
000000292123012023123399920
000000292123012023133399921
000000292123012023171999911
000000906323012023081099910
000000906323012023124799920
000000906323012023134999921
000000906323012023170199911
000000083623012023084099910
000000083623012023161999911
000000890123012023084899910
000000890123012023124099920
000000890123012023134199921
000000890123012023172799911
000000746723012023085099910
000000746723012023130599920
000000746723012023143599921
000000746723012023181299911
000000905923012023085699910
000000905923012023085799911
000000694023012023090199910
000000694023012023133799920
000000694023012023144999921
000000694023012023180499911
000000483223012023095799910
000000483223012023095799911
000000758323012023095999910
000000758323012023142499911
000000414423012023105599910
000000414423012023141899920
000000414423012023151999921
000000414423012023192799911
000000764123012023105899910
000000764123012023144099920
000000764123012023154199921
000000859023012023105999910
000000859023012023144299920
000000859023012023154299921
000000859023012023191999911
000000007523012023105999910
000000007523012023105999920
000000007523012023130199921
000000007523012023130199911
000000006823012023110099910
000000006823012023110099920
000000006823012023130199921
000000006823012023130199911
000000007223012023110099910
000000007223012023110099920
000000007223012023130199921
000000007223012023130199911
000000007623012023110199910
000000007623012023110199920
000000007623012023130299921
000000007623012023130299911
000000007923012023110299910
000000007923012023110299920
000000007923012023130399921
000000007923012023130399911
000000409723012023112899910
000000409723012023152799911
000000487423012023113199910
000000487423012023154099911
000000149423012023132499910
000000149423012023132499911
000000007023012023143099910
000000007023012023143099911
000000758323012023144699910
000000758323012023155999920
000000758323012023170599921
000000758323012023195699911
000000007523012023153699910
000000007523012023153699910
000000007523012023153699911
000000830923012023155899911
000000830923012023155899911
000000830923012023155899911
000000695223012023161399910
000000695223012023173799911
000000005723012023161499910
000000005723012023161499911
000000007623012023162599910
000000007623012023162599911
000000006823012023163099910
000000006823012023163099911
000000007823012023163199910
000000007823012023163199911
000000007923012023163199910
000000007923012023163199911
000000007223012023164199910
000000007223012023164199911
000000028723012023170099910
000000028723012023170099911
000000483223012023171699910
000000483223012023171699911
000000905923012023174399910
000000905923012023174499911
000000149423012023205799910
000000149423012023205999911
000000306823012023110999920
000000306823012023130999921
