000000028703022023042999910
000000028703022023071199911
000000007303022023045599910
000000007303022023071899911
000000006803022023045699910
000000006803022023070499930
000000006803022023082899931
000000006803022023091499930
000000006803022023095699931
000000006803022023104499920
000000006803022023114799921
000000006803022023121999911
000000006603022023055499910
000000006603022023100099920
000000006603022023110199921
000000006603022023144599911
000000171103022023055599910
000000171103022023100099920
000000171103022023110199921
000000171103022023141999911
000000006503022023055599910
000000006503022023072399911
000000609903022023055899910
000000609903022023132899920
000000609903022023143099921
000000609903022023175499911
000000296403022023060099910
000000296403022023101899920
000000296403022023112099921
000000296403022023131899911
000000487503022023060099910
000000487503022023060099911
000000300903022023060199910
000000300903022023100099920
000000300903022023110199921
000000300903022023141899911
000000487503022023061999910
000000487503022023103899911
000000007003022023062799910
000000007003022023080999930
000000007003022023081399931
000000007003022023102299911
000000007603022023062799910
000000007603022023102999920
000000007603022023113099921
000000007603022023113099911
000000005703022023062899910
000000005703022023080699911
000000525103022023064299910
000000525103022023122599920
000000525103022023132999921
000000525103022023152299911
000000487403022023065599910
000000487403022023125099920
000000487403022023135299921
000000590903022023065599910
000000590903022023065699911
000000830903022023065799910
000000830903022023124599920
000000830903022023135099921
000000830903022023135199911
000000007403022023065799910
000000007403022023065799911
000000006703022023065899910
000000006703022023075299930
000000006703022023102499931
000000006703022023102899930
000000006703022023110799931
000000006703022023112299930
000000006703022023112699931
000000006703022023112299930
000000006703022023113099920
000000006703022023133099921
000000006703022023133099921
000000006703022023133099930
000000006703022023152199931
000000006703022023160199930
000000006703022023163199931
000000006703022023163199911
000000408903022023065899910
000000408903022023123599920
000000408903022023133599921
000000408903022023170199911
000000591303022023065899910
000000591303022023124399920
000000591303022023134599921
000000591303022023151599911
000000007503022023065899910
000000007503022023065899911
000000007803022023065999910
000000007803022023065999911
000000689203022023065999910
000000689203022023070999911
000000639103022023070099910
000000639103022023131399920
000000639103022023141399921
000000639103022023152999911
000000007903022023070099910
000000007903022023070099911
000000452803022023070199910
000000652403022023070199910
000000652403022023121099920
000000652403022023131199921
000000652403022023152099911
000000239503022023070399910
000000239503022023110399920
000000239503022023120499921
000000239503022023162099911
000000731503022023070399910
000000731503022023070399911
000000225403022023070499910
000000225403022023111099920
000000225403022023121399921
000000225403022023121399921
000000225403022023170199911
000000634103022023071699910
000000634103022023111199920
000000634103022023121299921
000000634103022023163599911
000000006503022023072799910
000000006503022023090399911
000000034503022023072899910
000000034503022023115299920
000000034503022023135299921
000000034503022023173899911
000000488703022023072899910
000000488703022023114299920
000000488703022023124299921
000000021703022023072999910
000000021703022023110199920
000000021703022023130299921
000000021703022023173299911
000000052803022023073099910
000000052803022023115299920
000000052803022023125399921
000000190503022023073199910
000000190503022023110399920
000000190503022023130399921
000000731703022023073599910
000000731703022023120099920
000000731703022023135899921
000000483203022023075299910
000000483203022023113499920
000000483203022023123499921
000000483203022023171499911
000000007303022023075399910
000000007303022023113999920
000000007303022023124099921
000000007303022023153099911
000000416203022023075599910
000000416203022023095199930
000000416203022023113099931
000000416203022023113999920
000000416203022023133999921
000000416203022023181599911
000000292603022023075599910
000000292603022023120099920
000000292603022023130299921
000000292603022023170099911
000000268903022023075699910
000000268903022023120999920
000000268903022023131199921
000000268903022023171699911
000000758303022023075699910
000000758303022023083899911
000000063803022023075699910
000000063803022023120899920
000000063803022023131299921
000000063803022023172999911
000000846603022023075799910
000000846603022023115099920
000000846603022023134399921
000000030603022023075799910
000000030603022023075899911
000000210603022023080099910
000000210603022023115899920
000000210603022023125999921
000000210603022023180499911
000000738203022023080099910
000000738203022023113399920
000000738203022023133499921
000000738203022023180099911
000000302603022023080199910
000000302603022023120199920
000000302603022023130299921
000000302603022023170099911
000000906303022023080199910
000000906303022023121999920
000000906303022023132199921
000000906303022023172899911
000000028703022023080499910
000000028703022023080499930
000000028703022023083499931
000000028703022023083499920
000000028703022023093799921
000000028703022023123799930
000000028703022023134299931
000000028703022023123799930
000000028703022023134299911
000000343203022023080499910
000000343203022023124899920
000000343203022023144799921
000000343203022023173199911
000000292103022023080599910
000000292103022023125999920
000000292103022023140799921
000000292103022023140799921
000000292103022023140799921
000000292103022023140799921
000000029003022023080799910
000000029003022023121099920
000000029003022023141099921
000000029003022023180099911
000000083603022023083499911
000000083603022023083499911
000000758303022023083699910
000000758303022023121399920
000000758303022023131399921
000000030603022023084199910
000000030603022023111899911
000000746703022023085099910
000000746703022023113299920
000000746703022023130399921
000000746703022023181499911
000000890103022023085199910
000000890103022023140399920
000000890103022023174399921
000000890103022023174399911
000000694003022023090099910
000000694003022023121599920
000000694003022023132399921
000000694003022023183699911
000000731503022023092899910
000000731503022023124799920
000000731503022023135099921
000000731503022023141199911
000000452803022023094899910
000000452803022023123299920
000000452803022023133399921
000000452803022023133399911
000000409703022023095399910
000000409703022023095499920
000000409703022023105499921
000000409703022023105499911
000000781203022023100999910
000000781203022023131999920
000000781203022023141799921
000000781203022023201399911
000000007003022023103199910
000000007003022023103199920
000000007003022023113299921
000000007003022023113399911
000000487503022023105099910
000000487503022023105099920
000000487503022023115299921
000000487503022023162899911
000000409703022023105699910
000000409703022023152099911
000000007403022023105799910
000000007403022023105799920
000000007403022023125899921
000000007403022023125899911
000000764103022023105899910
000000764103022023140699920
000000764103022023151899921
000000764103022023195999911
000000006503022023105899910
000000006503022023105899920
000000006503022023125999921
000000006503022023125999911
000000007503022023105899910
000000007503022023105899920
000000007503022023130099921
000000007503022023130099921
000000007903022023105899910
000000007903022023105899920
000000007903022023130199921
000000007903022023130199911
000000011003022023110099910
000000011003022023110099920
000000011003022023120199921
000000011003022023143299911
000000883703022023110299910
000000883703022023110299910
000000883703022023143099920
000000883703022023153199921
000000007803022023110399910
000000007803022023110399920
000000007803022023130499921
000000007803022023130499911
000000414403022023110499910
000000414403022023141299920
000000414403022023151399921
000000414403022023185499911
000000859003022023113199910
000000859003022023142899920
000000859003022023152899921
000000859003022023191699911
000000007603022023113199910
000000007603022023154499911
000000007003022023113599910
000000007003022023113599911
000000590903022023115599910
000000590903022023115599920
000000590903022023125699921
000000590903022023170399911
000000030603022023122099910
000000030603022023122099920
000000030603022023132299921
000000030603022023165899911
000000149403022023125799910
000000149403022023125999911
000000006803022023132799910
000000006803022023132799911
000000296403022023133699911
000000296403022023133699910
000000296403022023162199911
000000731503022023141299910
000000731503022023173599911
000000005703022023144899910
000000005703022023162099911
000000758303022023151799910
000000758303022023151799911
000000409703022023152099910
000000409703022023152499911
000000006503022023153999910
000000006503022023153999911
000000007003022023154799910
000000007003022023154799911
000000689203022023160199910
000000689203022023160199911
000000007403022023162999910
000000007403022023162999911
000000007503022023162999910
000000007503022023162999911
000000007803022023163199910
000000007803022023163199911
000000083603022023163799910
000000007903022023170099910
000000007903022023170099911
000000149403022023181999910
000000149403022023181999920
000000149403022023200699921
000000149403022023200799911
000000883703022023191999911
