000000622226042023060399911
000000452826042023071299911
000000006826042023050099910
000000006826042023091299930
000000006826042023102699931
000000006826042023091299930
000000006826042023111699920
000000006826042023111699920
000000006826042023131299911
000000007726042023050099910
000000007726042023081799911
000000007326042023050099910
000000007326042023072599911
000000006626042023053899910
000000006626042023053899911
000000535126042023055699910
000000535126042023105399920
000000007026042023060099910
000000007026042023060099911
000000622226042023060399910
000000007026042023063899910
000000007026042023110899920
000000007026042023154399911
000000005726042023064799910
000000005726042023110399920
000000005726042023141499911
000000007926042023065399910
000000007926042023065399911
000000007826042023065499910
000000007826042023110099920
000000007826042023130199921
000000007826042023130199911
000000639126042023065599910
000000639126042023122899920
000000639126042023133299921
000000525126042023065599910
000000525126042023070799911
000000006726042023065599910
000000830926042023065599910
000000830926042023114599920
000000830926042023150999911
000000171126042023065599910
000000171126042023111199920
000000171126042023164699911
000000007526042023065599910
000000007526042023065599911
000000590926042023065699910
000000590926042023125499921
000000590926042023145499911
000000634126042023065699910
000000006526042023065699910
000000006526042023130299921
000000006526042023173599911
000000689226042023065799910
000000689226042023131199921
000000689226042023160699911
000000591326042023065999910
000000591326042023114799920
000000591326042023162499911
000000007626042023065999910
000000007626042023070099911
000000738226042023070099910
000000738226042023143499921
000000738226042023180899911
000000007426042023070399910
000000007426042023070399911
000000409726042023070499910
000000409726042023102699930
000000409726042023110899931
000000409726042023110899931
000000409726042023110899920
000000409726042023154699911
000000239526042023070899910
000000239526042023115199920
000000239526042023125399921
000000239526042023162899911
000000525126042023071199910
000000525126042023132699920
000000525126042023143099921
000000525126042023174899911
000000452826042023071299910
000000452826042023112199911
000000153326042023071699910
000000153326042023135299921
000000153326042023173099911
000000634226042023072099910
000000634226042023103699920
000000634226042023113799921
000000634226042023113799930
000000634226042023142299931
000000634226042023171199911
000000306826042023072099910
000000306826042023133999920
000000306826042023153999921
000000306826042023184499911
000000487526042023072199910
000000487526042023110299911
000000021726042023072799910
000000021726042023113199920
000000021726042023133199921
000000021726042023173099911
000000034526042023072799910
000000034526042023113599920
000000034526042023133599921
000000034526042023172799911
000000488726042023072999910
000000488726042023125599921
000000488726042023171699911
000000483226042023072999910
000000483226042023130799921
000000483226042023162899911
000000268926042023072999910
000000268926042023113299920
000000268926042023164499911
000000052826042023073099910
000000052826042023125399921
000000052826042023165899911
000000731726042023073399910
000000731726042023115799920
000000731726042023135799921
000000731726042023173299911
000000652426042023073699910
000000652426042023104199911
000000190526042023073699910
000000190526042023140799921
000000190526042023173199911
000000846626042023074599910
000000846626042023144299921
000000846626042023173899911
000000266426042023075099910
000000266426042023122499920
000000266426042023133499921
000000266426042023171299911
000000416226042023075599910
000000416226042023075599930
000000416226042023100699931
000000416226042023140099921
000000416226042023182999911
000000631826042023075599910
000000631826042023075599930
000000631826042023091199931
000000631826042023130099921
000000631826042023170099911
000000197426042023075599910
000000197426042023075599930
000000197426042023080599931
000000197426042023080599911
000000210626042023075599910
000000210626042023113099920
000000210626042023181999911
000000695226042023075599910
000000695226042023131299921
000000695226042023131299921
000000695226042023131299911
000000487426042023075599910
000000487426042023132399921
000000487426042023180199911
000000195426042023075699910
000000195426042023120599920
000000195426042023142299921
000000195426042023174699911
000000063826042023075799910
000000063826042023130799920
000000063826042023141099921
000000063826042023171899911
000000030626042023075899910
000000030626042023184299911
000000408926042023075999910
000000292626042023075999910
000000292626042023080099911
000000736126042023080099910
000000736126042023113599920
000000736126042023170599911
000000906326042023080099910
000000906326042023134999921
000000906326042023172299911
000000299126042023080499910
000000299126042023170399911
000000742526042023080599910
000000742526042023134399921
000000742526042023170999911
000000292126042023080699910
000000292126042023131599920
000000292126042023141699921
000000292126042023170799911
000000767526042023080799910
000000767526042023121099920
000000767526042023171299911
000000905926042023080799910
000000905926042023144499920
000000905926042023154799921
000000905926042023202299911
000000030626042023082399910
000000343226042023083699910
000000343226042023134899921
000000343226042023173599911
000000617926042023084299910
000000617926042023111599930
000000617926042023114799931
000000617926042023122599920
000000617926042023140199921
000000617926042023170999911
000000746726042023085099910
000000746726042023131499920
000000746726042023144799921
000000746726042023182999911
000000890126042023085099910
000000890126042023130199920
000000890126042023141399921
000000890126042023180099911
000000694026042023090499910
000000694026042023133799921
000000694026042023182199911
000000292626042023092599910
000000292626042023095599930
000000292626042023102199931
000000292626042023113699911
000000028726042023093399910
000000028726042023125599931
000000028726042023132799911
000000414426042023105599910
000000414426042023140499920
000000414426042023150599921
000000414426042023183799911
000000007926042023105799910
000000007926042023105799920
000000007926042023125899921
000000007926042023125899911
000000007426042023105799910
000000007426042023105799920
000000764126042023105799910
000000764126042023143099920
000000764126042023153299921
000000764126042023211899911
000000883726042023105999910
000000883726042023140599920
000000883726042023150999921
000000883726042023195399911
000000007526042023105999910
000000007526042023105999920
000000007526042023125899921
000000007526042023125899911
000000007626042023105999910
000000007626042023105999920
000000007626042023130199921
000000007626042023130199911
000000006726042023110099910
000000006726042023110099920
000000006726042023130099921
000000006726042023130099911
000000452826042023113699910
000000452826042023132799921
000000452826042023183299911
000000758326042023125599910
000000758326042023125599910
000000758326042023125599911
000000758326042023125599911
000000652426042023130499911
000000652426042023130499911
000000652426042023130499911
000000652426042023130499911
000000652426042023130499911
000000652426042023130499911
000000652426042023130499911
000000652426042023130499911
000000652426042023130499911
000000652426042023130499911
000000652426042023130499911
000000652426042023130499911
000000652426042023130499911
000000652426042023130499911
000000652426042023130499911
000000652426042023130499911
000000652426042023130499911
000000652426042023130499911
000000652426042023130499911
000000652426042023130499911
000000652426042023130499911
000000652426042023130499911
000000652426042023130499911
000000652426042023130499911
000000652426042023130499911
000000652426042023130499911
000000652426042023130499911
000000652426042023130499911
000000652426042023130499911
000000652426042023130499911
000000652426042023130499911
000000652426042023130499911
000000652426042023130499911
000000652426042023130499911
000000652426042023130499911
000000652426042023130499911
000000652426042023130499911
000000652426042023130499911
000000652426042023130499911
000000652426042023130499911
000000652426042023130499911
000000652426042023130499911
000000652426042023130499911
000000652426042023130499911
000000652426042023130499911
000000652426042023130499911
000000652426042023130499911
000000652426042023130499911
000000652426042023130499911
000000652426042023130499911
000000030626042023131999921
000000030626042023132099911
000000535126042023133599910
000000535126042023150799911
000000006826042023133899911
000000006826042023133899911
000000006826042023133899910
000000006826042023133999910
000000006826042023133999911
000000758326042023140399910
000000758326042023140399910
000000758326042023164899920
000000758326042023174999921
000000758326042023164899920
000000758326042023164899920
000000007426042023152999910
000000007426042023152999911
000000487526042023132199921
000000487526042023160499911
000000006626042023161799910
000000006626042023161799911
000000197426042023162899910
000000197426042023164599930
000000197426042023170099931
000000197426042023170099931
000000197426042023170099911
000000007826042023164199910
000000007826042023164199911
000000007926042023164599910
000000007926042023164599911
000000006726042023165199910
000000006726042023165199911
000000007526042023165299910
000000007526042023165399911
000000007626042023165499910
000000007626042023165499911
000000052826042023165599910
000000052826042023165599911
000000292626042023131999921
000000292626042023170799911
000000030626042023184299910
000000030626042023184299911
000000758326042023191799911
000000758326042023211099910
000000609926042023190199920
000000609926042023200299921
000000487526042023132199921
000000487526042023132199921
000000487526042023132199921
