000000452806052023083999911
000000083606052023070999931
000000083606052023070999911
000000007406052023050099910
000000007406052023111399920
000000007406052023121399921
000000007406052023124699911
000000007006052023050199910
000000007006052023050299911
000000488706052023055599910
000000488706052023074899911
000000535106052023055599910
000000535106052023140699911
000000487406052023055699910
000000487406052023060799911
000000171106052023055999910
000000171106052023100399920
000000171106052023110199921
000000171106052023141799911
000000483206052023060099910
000000483206052023103499911
000000011006052023060099910
000000011006052023065099911
000000487506052023060599910
000000487506052023100499920
000000487506052023110899921
000000487506052023150499911
000000622206052023060899910
000000622206052023124199911
000000006806052023060899910
000000006806052023104899911
000000409706052023061899910
000000409706052023085599930
000000409706052023100599931
000000409706052023124499920
000000409706052023134999921
000000409706052023134999930
000000409706052023141899931
000000409706052023141899931
000000409706052023141899931
000000409706052023141899911
000000487406052023061999910
000000487406052023101399920
000000487406052023111699921
000000487406052023143699911
000000731506052023065599910
000000731506052023111499920
000000731506052023121699921
000000731506052023144999911
000000591306052023065599910
000000591306052023120799920
000000591306052023130899921
000000591306052023153399911
000000634106052023065599910
000000634106052023121299911
000000689206052023065599910
000000689206052023125399920
000000689206052023135399921
000000689206052023140199911
000000830906052023065699910
000000830906052023121799920
000000830906052023131899921
000000830906052023152199911
000000500706052023065699910
000000500706052023084999930
000000500706052023100799931
000000500706052023114999920
000000500706052023125199921
000000500706052023171399911
000000007006052023065799910
000000007006052023093799911
000000758306052023065799910
000000758306052023115999920
000000758306052023130399921
000000758306052023153199911
000000153306052023065899910
000000153306052023104599930
000000153306052023110199931
000000153306052023122599911
000000007906052023070099910
000000007906052023070099911
000000006606052023070099910
000000006606052023070199911
000000005706052023070099910
000000005706052023070199911
000000302606052023070299910
000000639106052023070299910
000000639106052023122099920
000000639106052023132399921
000000639106052023122099920
000000639106052023150099911
000000007506052023070299910
000000007506052023070299911
000000007606052023070399910
000000007606052023110899920
000000007606052023121399921
000000007606052023141999911
000000083606052023070999910
000000083606052023070999930
000000083606052023090799931
000000083606052023112899911
000000239506052023071199910
000000239506052023103299911
000000452806052023071999910
000000452806052023152299911
000000034506052023072799910
000000034506052023133599911
000000021706052023072899910
000000021706052023124699911
000000416206052023073799910
000000416206052023073799930
000000416206052023081999931
000000416206052023125699911
000000126406052023073799910
000000126406052023073799930
000000126406052023075699931
000000126406052023103399930
000000126406052023111999931
000000126406052023120999930
000000126406052023124899931
000000126406052023124899931
000000126406052023125699911
000000846606052023074699910
000000846606052023140699911
000000266406052023075099910
000000266406052023125599911
000000631806052023075599910
000000631806052023075599930
000000631806052023081899931
000000631806052023120199911
000000028706052023075699910
000000028706052023075699930
000000028706052023081699931
000000028706052023081699911
000000029006052023075699910
000000029006052023104599940
000000029006052023110099941
000000029006052023130599911
000000292606052023075799910
000000292606052023075799911
000000695206052023075799910
000000695206052023120099911
000000225406052023075799910
000000225406052023122699911
000000190506052023075799910
000000190506052023130299911
000000408906052023075899910
000000063806052023075899910
000000063806052023120299911
000000210606052023075899910
000000210606052023120099911
000000268906052023075899910
000000268906052023075999911
000000736106052023080099910
000000736106052023140099911
000000738206052023080099910
000000738206052023131199911
000000030606052023080199910
000000030606052023115899911
000000905906052023080799910
000000905906052023133499911
000000767506052023080799910
000000767506052023121099911
000000268906052023080999910
000000268906052023115999911
000000617906052023081699910
000000617906052023122899940
000000617906052023125499941
000000617906052023135799911
000000028706052023083099910
000000028706052023120299911
000000764106052023085699910
000000764106052023120399920
000000764106052023130599921
000000764106052023190699911
000000694006052023090199910
000000694006052023135399911
000000746706052023091099910
000000746706052023133199940
000000746706052023134799941
000000746706052023133199940
000000746706052023154899911
000000197406052023091699910
000000197406052023091699930
000000197406052023094099931
000000197406052023101499930
000000197406052023111699931
000000197406052023112099930
000000197406052023120099931
000000197406052023120099911
000000890106052023100199910
000000890106052023151399911
000000488706052023103999910
000000488706052023104099911
000000883706052023104099910
000000883706052023134499920
000000883706052023145399921
000000883706052023134499920
000000883706052023184699911
000000414406052023105699910
000000414406052023154999920
000000414406052023165099921
000000414406052023214599911
000000006606052023105899910
000000006606052023105899920
000000006606052023120399921
000000006606052023120399911
000000007506052023105999910
000000007506052023105999920
000000007506052023120399921
000000007506052023120399911
000000007006052023110799910
000000007006052023110799920
000000007006052023120799921
000000005706052023110899910
000000005706052023110899920
000000005706052023121099921
000000005706052023121099911
000000149406052023111299910
000000149406052023111399911
000000452806052023114099910
000000452806052023122399920
000000452806052023132599921
000000452806052023145999911
000000292606052023115999910
000000292606052023120099911
000000906306052023131199910
000000906306052023131199911
000000149406052023134199910
000000149406052023171499920
000000149406052023181899921
000000149406052023171499920
000000149406052023184099911
000000007606052023143099910
000000007606052023143099911
000000487506052023150799910
000000487506052023150899911
000000005706052023151999910
000000005706052023151999911
000000006606052023152399910
000000006606052023152399911
000000007506052023152599910
000000007506052023152599911
000000007906052023152699910
000000007906052023152699911
