000000040101022023041799901
000000040101022023051299905
000000040101022023093699906
000000040101022023101499905
000000040101022023110499906
000000040101022023110499903
000000040101022023122599904
000000040101022023122599905
000000040101022023151999906
000000040101022023160899902
000000033301022023045199901
000000033301022023103199905
000000033301022023111099906
000000033301022023111099903
000000033301022023120299904
000000033301022023120299903
000000033301022023120399904
000000033301022023120399905
000000033301022023192999906
000000033301022023192999902
000000036601022023051899901
000000036601022023062599905
000000036601022023085499906
000000036601022023094099905
000000036601022023105599906
000000036601022023112799903
000000036601022023125399904
000000036601022023132099905
000000036601022023165299906
000000034201022023052399901
000000034201022023055399905
000000034201022023112999906
000000034201022023112999903
000000034201022023122099904
000000034201022023122199905
000000034201022023130099906
000000034201022023164099902
000000009301022023054599901
000000009301022023072699905
000000009301022023073899906
000000009301022023075399905
000000009301022023084599906
000000009301022023085899905
000000009301022023095599906
000000009301022023100299905
000000009301022023101399906
000000009301022023102399905
000000009301022023103499906
000000009301022023104299905
000000009301022023111399906
000000009301022023112099905
000000009301022023112899906
000000009301022023115899905
000000009301022023122199906
000000009301022023124099905
000000009301022023124199906
000000009301022023124199903
000000009301022023135999904
000000009301022023140399905
000000009301022023141299906
000000009301022023142899905
000000009301022023143299906
000000009301022023144599905
000000009301022023145699906
000000009301022023151299905
000000009301022023160799906
000000009301022023202099905
000000009301022023203999906
000000009301022023205999902
000000005901022023060899901
000000005901022023060899905
000000005901022023062799906
000000005901022023094499905
000000005901022023103199906
000000005901022023103899905
000000005901022023105299906
000000005901022023113699905
000000005901022023115899906
000000005901022023115899903
000000005901022023132499904
000000005901022023135899905
000000005901022023160199906
000000005901022023160599905
000000005901022023161799906
000000005901022023165899905
000000005901022023173799906
000000005901022023175499905
000000005901022023185499906
000000005901022023185499902
000000024201022023060899901
000000024201022023081299905
000000024201022023112199906
000000024201022023120999903
000000024201022023131499904
000000024201022023131499905
000000024201022023142399906
000000024201022023152299905
000000024201022023165899906
000000024201022023171499905
000000024201022023173499906
000000024201022023184099905
000000024201022023192199906
000000024201022023192199902
000000006101022023061799901
000000006101022023064899905
000000006101022023081999906
000000006101022023082899905
000000006101022023091499906
000000006101022023092199905
000000006101022023100699906
000000006101022023101199905
000000006101022023105399906
000000006101022023110399905
000000006101022023113099906
000000006101022023113599903
000000006101022023125399904
000000006101022023125399905
000000006101022023130899906
000000006101022023131899905
000000006101022023132799906
000000006101022023133699905
000000006101022023143099906
000000006101022023144899905
000000006101022023151099906
000000006101022023151799905
000000006101022023154099906
000000006101022023154399905
000000006101022023155699906
000000006101022023160099905
000000006101022023161299906
000000006101022023161799905
000000006101022023163199906
000000006101022023163899905
000000006101022023164499906
000000006101022023170699905
000000006101022023173099906
000000006101022023173199902
000000047301022023064599901
000000047301022023082099905
000000047301022023111199906
000000047301022023114999903
000000047301022023131399904
000000047301022023133999905
000000047301022023165199906
000000047301022023171699905
000000047301022023175199906
000000047301022023183399905
000000047301022023185099906
000000047301022023220299902
000000027301022023070099901
000000027301022023071199905
000000027301022023083099906
000000027301022023105899903
000000027301022023120099904
000000027301022023120099905
000000027301022023170199906
000000027301022023182499902
000000042101022023072599901
000000042101022023074199905
000000042101022023082999906
000000042101022023104999905
000000042101022023122499906
000000042101022023123499903
000000042101022023135299904
000000042101022023135799905
000000042101022023141499906
000000042101022023142699905
000000042101022023154499906
000000042101022023155799905
000000042101022023161699906
000000042101022023165599905
000000042101022023170999906
000000042101022023174599905
000000042101022023175699906
000000042101022023182299902
000000006901022023073499901
000000006901022023081199905
000000006901022023083999906
000000006901022023104199905
000000006901022023110299906
000000006901022023111999905
000000006901022023113099906
000000006901022023113199903
000000006901022023123299904
000000006901022023123399905
000000006901022023143599906
000000006901022023144999905
000000006901022023191899906
000000006901022023205599902
000000044901022023071499905
000000044901022023083399906
000000044901022023090199905
000000044901022023093799906
000000044901022023094799905
000000044901022023095999906
000000044901022023100799905
000000044901022023101599906
000000044901022023102699905
000000044901022023111999906
000000044901022023115999905
000000044901022023120699906
000000044901022023120699903
000000044901022023140599904
000000044901022023140599905
000000044901022023155199906
000000044901022023173299902
