000000030627032023140699911
000000007427032023050099910
000000007427032023110199920
000000007427032023120299921
000000007327032023053099910
000000007327032023053099911
000000005727032023055599910
000000005727032023120799921
000000005727032023143199911
000000011027032023055799910
000000011027032023071699911
000000525127032023060699910
000000525127032023110099920
000000525127032023120599921
000000525127032023152699911
000000296427032023060699910
000000296427032023060899911
000000171127032023060699910
000000171127032023102299920
000000171127032023112399921
000000171127032023142099911
000000409727032023060699910
000000409727032023090999930
000000409727032023100199931
000000409727032023100199920
000000409727032023110399921
000000409727032023110399930
000000409727032023120599931
000000409727032023151699911
000000300927032023060799910
000000300927032023060899911
000000487527032023061099910
000000487527032023101299920
000000487527032023111599921
000000487527032023133799911
000000634227032023061299910
000000634227032023092999930
000000634227032023102399931
000000634227032023102399920
000000634227032023112899921
000000634227032023143899911
000000300927032023061699910
000000300927032023101799911
000000296427032023062299910
000000296427032023111899920
000000296427032023122099921
000000296427032023144799911
000000007027032023062699910
000000007027032023062699911
000000006827032023062799910
000000006827032023100199920
000000006827032023101899921
000000006827032023101999911
000000634127032023065599910
000000634127032023104099920
000000634127032023114199921
000000634127032023104099920
000000634127032023104099920
000000634127032023104099920
000000634127032023151799911
000000007927032023065699910
000000007927032023065699911
000000006527032023065699910
000000006527032023115499920
000000006527032023125599921
000000006527032023173199911
000000007827032023065799910
000000007827032023065799911
000000590927032023065899910
000000590927032023121099920
000000590927032023131099921
000000590927032023165399911
000000830927032023065899910
000000830927032023121199920
000000830927032023131299921
000000830927032023153799911
000000007527032023065899910
000000007527032023065999911
000000009127032023065999910
000000009127032023111899920
000000009127032023131899921
000000009127032023140999911
000000689227032023065999910
000000689227032023121899920
000000689227032023131899921
000000689227032023151899911
000000007727032023070099910
000000007727032023070099910
000000007727032023070099910
000000007727032023110999920
000000007727032023121199921
000000083627032023070099910
000000083627032023121599920
000000083627032023141899921
000000083627032023141899921
000000083627032023141899930
000000083627032023154899931
000000083627032023170099911
000000452827032023070099910
000000452827032023105099911
000000591327032023070099910
000000591327032023120799920
000000591327032023130999921
000000591327032023171899911
000000239527032023070199910
000000239527032023115199920
000000239527032023125199921
000000239527032023161999911
000000622227032023070199910
000000622227032023070199911
000000731527032023071199910
000000731527032023113299920
000000731527032023123799921
000000731527032023164799911
000000731727032023071799910
000000731727032023115999920
000000731727032023135999921
000000731727032023172599911
000000306827032023072099910
000000306827032023122599920
000000306827032023142599921
000000306827032023170699911
000000153327032023072099910
000000153327032023112899930
000000153327032023115199931
000000153327032023115199920
000000153327032023135299921
000000153327032023173199911
000000190527032023072599910
000000190527032023110499920
000000190527032023130499921
000000190527032023173399911
000000905927032023072899910
000000905927032023123399920
000000905927032023133499921
000000905927032023191499911
000000052827032023072999910
000000052827032023114799920
000000052827032023125099921
000000052827032023163199911
000000268927032023072999910
000000268927032023113399920
000000268927032023123499921
000000268927032023173999911
000000535127032023072999910
000000535127032023115899920
000000535127032023130299921
000000535127032023171299911
000000488727032023073099910
000000488727032023113199920
000000488727032023123299921
000000488727032023162999911
000000021727032023073099910
000000021727032023110399920
000000021727032023130399921
000000021727032023175099911
000000266427032023075199910
000000266427032023120199920
000000266427032023131299921
000000266427032023171099911
000000416227032023075599910
000000416227032023075599930
000000416227032023092799931
000000416227032023122199920
000000416227032023142299921
000000408927032023075799910
000000408927032023110399920
000000408927032023120499921
000000408927032023170299911
000000210627032023075899910
000000210627032023120699920
000000210627032023130899921
000000210627032023170099911
000000197427032023075899910
000000197427032023075899930
000000197427032023080799931
000000197427032023083299930
000000197427032023084999931
000000197427032023090999930
000000197427032023093899931
000000197427032023094799930
000000197427032023103399931
000000197427032023104799930
000000197427032023111299931
000000197427032023112199930
000000197427032023113199931
000000197427032023115599930
000000197427032023120099931
000000197427032023122499930
000000197427032023123899931
000000197427032023124299920
000000197427032023134499921
000000197427032023143299930
000000197427032023144399931
000000197427032023151999930
000000197427032023152899931
000000197427032023160199930
000000197427032023161799931
000000197427032023165899930
000000197427032023170399931
000000197427032023174499930
000000197427032023175399931
000000197427032023175399911
000000906327032023080099910
000000906327032023130299920
000000906327032023140099921
000000906327032023174599911
000000738227032023080199910
000000738227032023110099920
000000738227032023130199921
000000738227032023180099911
000000225427032023080199910
000000225427032023114299920
000000225427032023124499921
000000225427032023170099911
000000030627032023080199910
000000030627032023122799920
000000030627032023132999921
000000030627032023170999911
000000622227032023080199910
000000622227032023112499920
000000622227032023122799921
000000622227032023145499911
000000694027032023080299910
000000694027032023120999920
000000694027032023131499921
000000694027032023170599911
000000302627032023080399910
000000302627032023120499920
000000302627032023130599921
000000302627032023170299911
000000846627032023080399910
000000846627032023124499920
000000846627032023144699921
000000846627032023184099911
000000695227032023080599910
000000695227032023124499920
000000695227032023134799921
000000695227032023134799921
000000063827032023080699910
000000063827032023140399920
000000063827032023150499921
000000063827032023181899911
000000292127032023080799910
000000292127032023121699920
000000292127032023131999921
000000292127032023171599911
000000746727032023085099910
000000746727032023125599920
000000746727032023142599921
000000746727032023181299911
000000890127032023085899910
000000890127032023123899920
000000890127032023134299921
000000890127032023175599911
000000007027032023100399910
000000883727032023100499910
000000883727032023135899920
000000883727032023150299921
000000883727032023100499910
000000500727032023100599910
000000500727032023102799930
000000500727032023110899931
000000500727032023121099930
000000500727032023131399931
000000500727032023135399911
000000006827032023102099910
000000006827032023102099920
000000006827032023110699921
000000006827032023150199911
000000300927032023102199910
000000300927032023110599920
000000300927032023120999921
000000300927032023102199910
000000859027032023105599910
000000859027032023142699920
000000859027032023153599921
000000859027032023191099911
000000414427032023105699910
000000414427032023135099920
000000414427032023145299921
000000414427032023192699911
000000007327032023105799910
000000007327032023105799920
000000007327032023120299921
000000007327032023120299911
000000452827032023105899910
000000452827032023123299920
000000452827032023133299921
000000452827032023151999911
000000007927032023105899910
000000007927032023105899920
000000007927032023130199921
000000007927032023130199911
000000007527032023105899910
000000007527032023105899920
000000007527032023130199921
000000007527032023130199911
000000007827032023105899910
000000007827032023105899910
000000007827032023105899910
000000007827032023105899910
000000007827032023105899910
000000007827032023105899910
000000007827032023105899910
000000007827032023105899910
000000007827032023105899910
000000007827032023105899910
000000007827032023105899920
000000007827032023125999921
000000007827032023105899910
000000007827032023105899910
000000007827032023105899910
000000007827032023105899910
000000007827032023105899910
000000764127032023110499910
000000764127032023133899920
000000764127032023144099921
000000764127032023190199911
000000007027032023100399920
000000007027032023110699921
000000007027032023110699911
000000149427032023122399910
000000149427032023122399911
000000007827032023125999911
000000007727032023140099911
000000007727032023140099911
000000030627032023140699910
000000030627032023170699911
000000500727032023141499910
000000500727032023141499910
000000500727032023141499910
000000500727032023141499910
000000500727032023154199920
000000500727032023164499921
000000500727032023154199920
000000500727032023164499930
000000500727032023181199931
000000500727032023141499910
000000500727032023141499910
000000500727032023141499910
000000500727032023141499910
000000487527032023141899910
000000487527032023141899911
000000487527032023141899911
000000300927032023143999911
000000007027032023144199910
000000007027032023144199911
000000296427032023144999910
000000296427032023145099911
000000007327032023150799910
000000007327032023150799911
000000007727032023153599910
000000007727032023153599911
000000007527032023162899910
000000007527032023162999911
000000007827032023162999910
000000007827032023162999911
000000009127032023163199910
000000009127032023163199911
000000007927032023163299910
000000007927032023163299911
000000609927032023173799910
000000609927032023173799911
000000149427032023175199910
000000149427032023175199920
000000149427032023185399921
000000149427032023185399911
000000883727032023192399911
000000500727032023200599911
000000500727032023200599911
000000500727032023200599911
000000500727032023200599911
000000500727032023200599911
000000500727032023200599911
000000500727032023200599911
000000500727032023200599911
000000500727032023200599911
000000500727032023200599911
000000500727032023200599911
000000500727032023200599911
000000500727032023200599911
000000149427032023212599910
