000000197413022023164499911
000000190513022023072599911
000000007413022023045999910
000000007413022023104499920
000000007413022023114499921
000000007413022023133299911
000000007313022023050099910
000000007313022023075999911
000000006813022023055699910
000000006813022023072399911
000000011013022023055899910
000000011013022023072199911
000000171113022023055999910
000000171113022023095899920
000000171113022023110199921
000000171113022023142799911
000000007013022023060199910
000000007013022023081999930
000000007013022023084199931
000000007013022023091499930
000000007013022023095399931
000000007013022023095499920
000000007013022023105599921
000000007013022023115899930
000000007013022023123699931
000000007013022023143099911
000000300913022023060299910
000000300913022023100099920
000000300913022023110199921
000000300913022023121399911
000000296413022023060299910
000000296413022023100099920
000000296413022023110299921
000000296413022023125899911
000000487513022023060299910
000000487513022023060299911
000000409713022023060399910
000000409713022023073199930
000000409713022023105699931
000000409713022023114999920
000000409713022023125699921
000000409713022023125699930
000000409713022023135899931
000000409713022023155799911
000000830913022023060399910
000000830913022023060399911
000000487413022023060399910
000000487413022023100099920
000000487413022023110299921
000000487413022023155499911
000000487513022023060699910
000000487513022023103699920
000000487513022023114199921
000000487513022023152099911
000000525113022023060799910
000000525113022023060799911
000000452813022023060899910
000000452813022023091299930
000000452813022023103799931
000000452813022023112699920
000000452813022023145399911
000000830913022023061099910
000000830913022023105799920
000000830913022023115899921
000000830913022023152099911
000000007813022023061399910
000000007813022023101099920
000000007813022023111299921
000000007813022023111299911
000000005713022023062899910
000000005713022023080799911
000000634113022023065699910
000000634113022023115499920
000000634113022023125599921
000000634113022023151699911
000000590913022023065699910
000000590913022023112899920
000000590913022023123399921
000000590913022023152599911
000000639113022023065899910
000000639113022023125299920
000000639113022023135499921
000000639113022023125299920
000000639113022023125299920
000000639113022023154199911
000000006713022023065899910
000000006713022023065899911
000000591313022023065899910
000000591313022023125999920
000000591313022023140099921
000000591313022023152099911
000000408913022023065899910
000000408913022023123499920
000000408913022023133699921
000000408913022023170099911
000000006613022023065999910
000000006613022023065999911
000000007513022023065999910
000000007513022023065999911
000000007913022023065999910
000000007913022023065999911
000000007613022023065999910
000000006513022023070099910
000000006513022023115599920
000000006513022023125699921
000000006513022023173299911
000000652413022023070099910
000000652413022023123699920
000000652413022023133799921
000000652413022023164299911
000000239513022023070199910
000000239513022023113599920
000000239513022023123699921
000000239513022023113599920
000000239513022023123699921
000000239513022023155799911
000000731513022023070499910
000000731513022023125799920
000000731513022023135999921
000000731513022023154499911
000000731713022023071699910
000000731713022023120199920
000000731713022023140199921
000000731713022023173099911
000000343213022023072499910
000000343213022023110099940
000000343213022023130099941
000000343213022023174599911
000000011013022023072499910
000000011013022023110099920
000000011013022023120299921
000000011013022023143199911
000000006813022023072599910
000000006813022023072599910
000000034513022023072699910
000000034513022023113499920
000000034513022023133499921
000000034513022023172699911
000000190513022023072799910
000000190513022023172999911
000000488713022023072899910
000000488713022023115499920
000000488713022023125599921
000000488713022023162899911
000000052813022023072899910
000000052813022023113199920
000000052813022023123499921
000000052813022023171499911
000000021713022023072899910
000000021713022023111899920
000000021713022023131899921
000000021713022023173099911
000000483213022023073099910
000000483213022023073199911
000000416213022023075599910
000000416213022023075599930
000000416213022023083199931
000000416213022023120299920
000000416213022023140299921
000000416213022023140399930
000000416213022023152399931
000000416213022023175099911
000000197413022023075599910
000000197413022023075599930
000000197413022023120099931
000000197413022023120099931
000000197413022023120099920
000000197413022023130399921
000000197413022023130399930
000000197413022023161499931
000000197413022023161499931
000000197413022023161499931
000000197413022023161499931
000000197413022023161499911
000000695213022023075599910
000000695213022023124999920
000000695213022023135299921
000000695213022023124999920
000000695213022023124999920
000000695213022023124999920
000000695213022023175699911
000000781213022023075599910
000000781213022023120199920
000000781213022023130199921
000000781213022023163299911
000000268913022023075599910
000000268913022023130299920
000000268913022023140599921
000000268913022023171299911
000000028713022023075799910
000000028713022023120299920
000000028713022023130599921
000000028713022023171399911
000000063813022023075799910
000000063813022023075799911
000000210613022023075799910
000000210613022023101999911
000000030613022023075899910
000000030613022023184699911
000000483213022023075899910
000000483213022023113099920
000000483213022023123199921
000000483213022023165599911
000000292613022023075999910
000000292613022023081399911
000000302613022023080099910
000000302613022023120199920
000000302613022023130299921
000000302613022023170099911
000000906313022023080099910
000000906313022023121399920
000000906313022023131499921
000000906313022023170099911
000000738213022023080099910
000000738213022023111999920
000000738213022023132099921
000000738213022023180199911
000000767513022023080099910
000000767513022023122099920
000000767513022023132299921
000000767513022023175599911
000000225413022023080299910
000000225413022023123899920
000000225413022023134099921
000000225413022023170399911
000000029013022023080599910
000000029013022023115099920
000000029013022023135099921
000000029013022023180099911
000000007313022023082599910
000000007313022023110099920
000000007313022023120299921
000000007313022023153099911
000000083613022023082999910
000000083613022023170799911
000000846613022023084999910
000000846613022023130699920
000000846613022023140899921
000000846613022023172499911
000000746713022023085099910
000000746713022023134199920
000000746713022023151199921
000000746713022023181399911
000000609913022023085599910
000000609913022023085599911
000000694013022023090299910
000000694013022023122499920
000000694013022023133099921
000000694013022023181099911
000000609913022023090999910
000000609913022023123299920
000000609913022023133399921
000000609913022023182899911
000000890113022023091199910
000000890113022023121799920
000000890113022023132199921
000000890113022023174699911
000000006813022023092699911
000000758313022023095899910
000000758313022023150099911
000000764113022023100199910
000000764113022023142899920
000000764113022023152999921
000000764113022023175599911
000000525113022023101699910
000000525113022023101699920
000000525113022023111899921
000000525113022023152299911
000000210613022023102999910
000000210613022023114599920
000000210613022023124799921
000000210613022023184999911
000000859013022023105599910
000000859013022023154899920
000000859013022023165099921
000000859013022023194699911
000000883713022023105599910
000000883713022023145599920
000000883713022023155999921
000000883713022023192099911
000000414413022023105899910
000000414413022023140099920
000000414413022023150199921
000000414413022023181399911
000000007513022023105899910
000000007513022023105899920
000000007513022023125899921
000000007513022023125899911
000000006613022023105999910
000000006613022023130099921
000000006613022023130099911
000000006713022023110099910
000000006713022023110099920
000000006713022023130099921
000000006713022023130099911
000000905913022023110099910
000000905913022023110099911
000000007913022023110099910
000000007913022023110099920
000000007913022023130099921
000000007913022023130099911
000000007613022023110199910
000000007613022023110199920
000000007613022023130199921
000000007613022023130199921
000000007613022023130199911
000000006813022023110199910
000000006813022023110199920
000000006813022023130499921
000000006813022023130499911
000000292613022023115699910
000000292613022023115999920
000000292613022023130299921
000000292613022023130299911
000000149413022023130599910
000000149413022023130599911
000000296413022023131299910
000000296413022023165999911
000000300913022023143599910
000000300913022023144599911
000000758313022023151399910
000000758313022023175499920
000000758313022023185699921
000000758313022023203999911
000000007813022023152099910
000000007813022023152199911
000000005713022023154599910
000000005713022023171899911
000000197413022023161699910
000000197413022023163599911
000000006713022023161799910
000000006713022023161799911
000000007513022023161899910
000000007513022023161899911
000000007913022023162199910
000000007913022023162199911
000000006813022023163099910
000000006813022023163099911
000000006813022023163099911
000000006613022023163099910
000000006613022023163099911
000000007613022023163099910
000000007613022023163099911
000000292613022023164699910
000000292613022023165999911
000000296413022023170199910
000000296413022023170199911
000000197413022023172599910
000000197413022023172599930
000000197413022023174399931
000000197413022023174599911
000000149413022023180299910
000000149413022023180599920
000000149413022023190599921
000000149413022023190699911
000000905913022023185999910
000000905913022023190099911
000000030613022023120899920
