000000030628042023075999911
000000028728042023043099910
000000028728042023072699911
000000006528042023050099910
000000006528042023082099911
000000007728042023050199910
000000007728042023073699911
000000006828042023050199910
000000006828042023090599930
000000006828042023110099931
000000006828042023110099920
000000006828042023120499921
000000006828042023110099920
000000006828042023132999911
000000634228042023055899910
000000634228042023090199930
000000634228042023095599931
000000634228042023101899920
000000634228042023112099921
000000634228042023112099930
000000634228042023123099931
000000634228042023151899911
000000525128042023055899910
000000525128042023060999911
000000487528042023055999910
000000487528042023100699920
000000487528042023111199921
000000487528042023161199911
000000409728042023060199911
000000409728042023060199910
000000409728042023060199911
000000007028042023060199910
000000007028042023060299911
000000525128042023061299910
000000525128042023101799911
000000409728042023061399910
000000409728042023084899930
000000409728042023095399931
000000409728042023095399920
000000409728042023110699921
000000409728042023141399911
000000171128042023061999910
000000171128042023100199920
000000171128042023110699921
000000171128042023160499911
000000007428042023062599910
000000007428042023093199920
000000007428042023103199921
000000007428042023093199920
000000007428042023103299911
000000005728042023063099910
000000005728042023100099920
000000005728042023110099921
000000005728042023150199911
000000007328042023065499910
000000007328042023065499911
000000007828042023065499910
000000007828042023065499911
000000634128042023065599910
000000591328042023065599910
000000591328042023065599911
000000007928042023065599910
000000007928042023065599911
000000006728042023065599910
000000007528042023065599910
000000007528042023065599911
000000006728042023065699910
000000006728042023084599930
000000006728042023094299931
000000006728042023103999930
000000006728042023111299931
000000006728042023113299920
000000006728042023123299921
000000006728042023133099911
000000083628042023065699910
000000083628042023070199930
000000083628042023082799931
000000083628042023082799931
000000083628042023123099920
000000083628042023170199911
000000639128042023065799910
000000639128042023122499920
000000639128042023132799921
000000639128042023172499911
000000689228042023065899910
000000689228042023114599920
000000689228042023124699921
000000689228042023160699911
000000830928042023065899910
000000830928042023121299920
000000830928042023131399921
000000830928042023160799911
000000590928042023065999910
000000590928042023124799921
000000590928042023165399911
000000210628042023065999910
000000210628042023115399920
000000210628042023125499921
000000210628042023170199911
000000302628042023070099910
000000302628042023120099920
000000302628042023130199921
000000738228042023070199910
000000738228042023110199920
000000738228042023130299921
000000738228042023180099911
000000007628042023070199910
000000007628042023070199911
000000239528042023070499910
000000239528042023112799920
000000239528042023124099921
000000239528042023163099911
000000007328042023070699911
000000634128042023070999910
000000634128042023111199920
000000634128042023121299921
000000634128042023151599911
000000452828042023070999910
000000452828042023121399920
000000452828042023131699921
000000452828042023142999911
000000617928042023071499910
000000617928042023111699930
000000617928042023115399931
000000617928042023115399920
000000617928042023140199921
000000617928042023151299930
000000617928042023151799931
000000617928042023170999911
000000153328042023071699910
000000153328042023094399930
000000153328042023102899931
000000153328042023102899931
000000153328042023114999920
000000153328042023135199921
000000153328042023174199911
000000306828042023072099910
000000306828042023110699920
000000306828042023130699921
000000306828042023185599911
000000034528042023072599910
000000034528042023114799920
000000034528042023134799921
000000034528042023172599911
000000190528042023072599910
000000190528042023122199920
000000190528042023142699921
000000190528042023174899911
000000488728042023072699910
000000488728042023114399920
000000488728042023124399921
000000488728042023181999911
000000268928042023072799910
000000268928042023120599920
000000268928042023130699921
000000268928042023171699911
000000021728042023072799910
000000021728042023113199920
000000021728042023133199921
000000021728042023180999911
000000052828042023072999910
000000052828042023113199920
000000052828042023123399921
000000652428042023073099910
000000652428042023115799920
000000652428042023130199921
000000652428042023172399911
000000483228042023073299910
000000483228042023114199920
000000483228042023124399921
000000483228042023162899911
000000731728042023073599910
000000731728042023121399920
000000731728042023140899921
000000731728042023174399911
000000007728042023074599910
000000007728042023105999920
000000007728042023120199921
000000007728042023153199911
000000028728042023074599910
000000028728042023074599930
000000028728042023084499931
000000028728042023091199920
000000028728042023101399921
000000028728042023122899930
000000028728042023134199931
000000028728042023134199911
000000266428042023075099910
000000266428042023122599920
000000266428042023133699921
000000266428042023170599911
000000631828042023075599910
000000631828042023075599930
000000631828042023080899931
000000631828042023120599920
000000631828042023130799921
000000631828042023161099930
000000631828042023170099931
000000631828042023170299911
000000063828042023075599910
000000063828042023125399920
000000063828042023135599921
000000063828042023180199911
000000197428042023075599910
000000197428042023075599930
000000197428042023082599931
000000197428042023085899930
000000197428042023100899931
000000197428042023101499930
000000197428042023101999931
000000197428042023103699930
000000197428042023123999931
000000197428042023123999920
000000197428042023134099921
000000197428042023141099930
000000197428042023151199931
000000197428042023160099930
000000197428042023165699931
000000197428042023165699911
000000416228042023075599910
000000416228042023121399920
000000416228042023141399921
000000416228042023174599911
000000767528042023075799910
000000767528042023121599920
000000767528042023131799921
000000767528042023170599911
000000408928042023075799910
000000408928042023112299920
000000408928042023122499921
000000299128042023075999910
000000299128042023123499920
000000299128042023133699921
000000299128042023182199911
000000030628042023080099910
000000030628042023144599920
000000030628042023154699921
000000030628042023185399911
000000292628042023080199910
000000292628042023080299911
000000906328042023080499910
000000906328042023121899920
000000906328042023131899921
000000906328042023171399911
000000292128042023080599910
000000292128042023122399920
000000292128042023132499921
000000292128042023174099911
000000622228042023080699910
000000622228042023080699911
000000742528042023080799910
000000742528042023122599920
000000742528042023132799921
000000742528042023175999911
000000343228042023080899910
000000343228042023133699920
000000343228042023153999921
000000343228042023172699911
000000622228042023082199910
000000622228042023125899920
000000622228042023140699921
000000622228042023140699911
000000030628042023082599910
000000030628042023110199911
000000890128042023085399910
000000890128042023130199920
000000890128042023140399921
000000890128042023175799911
000000694028042023090399910
000000694028042023121199920
000000694028042023131899921
000000694028042023181099911
000000591328042023091899910
000000591328042023114199911
000000609928042023095699911
000000500728042023100699910
000000500728042023104299930
000000500728042023122999931
000000500728042023122999931
000000500728042023122999931
000000500728042023122999931
000000500728042023122999931
000000500728042023153099920
000000500728042023163099921
000000500728042023163099921
000000500728042023213899911
000000525128042023102199910
000000525128042023102199920
000000525128042023112599921
000000525128042023143699911
000000609928042023102499910
000000609928042023140299920
000000609928042023150399921
000000609928042023183399911
000000859028042023103999910
000000859028042023194599911
000000007428042023105099910
000000007428042023144299911
000000764128042023105599910
000000764128042023143199920
000000764128042023153399921
000000764128042023205899911
000000414428042023105799910
000000414428042023143999920
000000414428042023154199921
000000414428042023190999911
000000007828042023110099910
000000007828042023110099920
000000007828042023130199921
000000007828042023130199911
000000007528042023110299910
000000007528042023110299920
000000007528042023125999921
000000007528042023125999911
000000007328042023110699910
000000007328042023110699910
000000007328042023110699920
000000007328042023130799921
000000883728042023110999910
000000883728042023144899920
000000883728042023154999921
000000883728042023154999921
000000883728042023192799911
000000007928042023111199910
000000007928042023111199920
000000007928042023131399921
000000007928042023131399911
000000007628042023114399910
000000007628042023114399920
000000007628042023124499921
000000007628042023160299911
000000591328042023115699910
000000591328042023123199920
000000591328042023133299921
000000591328042023160999911
000000758328042023115999910
000000758328042023115999911
000000758328042023120399910
000000758328042023120399911
000000292628042023125099910
000000292628042023125099920
000000292628042023135299921
000000292628042023135299911
000000007328042023130799911
000000758328042023142799910
000000758328042023173399920
000000758328042023183499921
000000758328042023202199911
000000622228042023143699910
000000622228042023175399911
000000905928042023145199910
000000905928042023190399920
000000905928042023200399921
000000905928042023232799911
000000535128042023151699910
000000535128042023151699920
000000535128042023161899921
000000535128042023161899911
000000535128042023160599911
000000007928042023165399910
000000007928042023165399911
000000007528042023165399910
000000007528042023165399911
000000007828042023165399910
000000007828042023165499911
000000007328042023165599910
000000007328042023165599911
000000006728042023165699910
000000006728042023165699911
000000292628042023171899910
000000292628042023171999911
000000197428042023171999910
000000197428042023175499911
000000622228042023175699910
000000622228042023175699911
