000000007728012023045699910
000000007728012023080299911
000000007828012023052399910
000000007828012023105199920
000000007828012023115299921
000000007828012023142399911
000000609928012023055599910
000000609928012023082899911
000000007428012023065599910
000000007428012023113499920
000000007428012023114499921
000000007428012023131499911
000000639128012023065599910
000000639128012023130699920
000000639128012023144199921
000000639128012023150699911
000000153328012023065699910
000000153328012023123099911
000000006728012023065699910
000000006728012023065699911
000000005728012023065699910
000000005728012023065699911
000000007928012023065699910
000000007928012023065699911
000000007028012023065799910
000000007028012023065799911
000000652428012023065799910
000000652428012023123699920
000000652428012023133699921
000000007228012023065899910
000000007228012023065899911
000000006828012023065899910
000000006828012023065899911
000000731528012023065899910
000000731528012023115399920
000000731528012023125699921
000000731528012023161699911
000000634228012023065899910
000000007528012023065899910
000000007528012023065899911
000000007628012023065999910
000000007628012023105599920
000000007628012023115899921
000000007628012023131499911
000000590928012023065999911
000000590928012023065999910
000000590928012023065999911
000000487528012023065999910
000000487528012023075199911
000000591328012023070099910
000000591328012023121799920
000000591328012023131999921
000000591328012023150499911
000000500728012023070099910
000000500728012023070199911
000000590928012023070099910
000000590928012023070099911
000000689228012023070199910
000000689228012023115399911
000000452828012023070599910
000000452828012023121999920
000000452828012023132099921
000000452828012023152099911
000000622228012023070699910
000000622228012023070699911
000000009128012023071999910
000000306828012023072099910
000000306828012023110099940
000000306828012023111599941
000000306828012023131999911
000000034528012023072599910
000000416228012023072699910
000000416228012023080299930
000000416228012023085299931
000000416228012023125699911
000000292628012023073299910
000000292628012023073399911
000000488728012023073699910
000000197428012023075599910
000000197428012023075599930
000000197428012023080899931
000000197428012023080899931
000000197428012023082099930
000000197428012023082799931
000000197428012023083299930
000000197428012023084299931
000000197428012023084699930
000000197428012023090599931
000000197428012023090599931
000000197428012023090999930
000000197428012023091999931
000000197428012023092399930
000000197428012023093399931
000000197428012023093799930
000000197428012023095599931
000000197428012023100099930
000000197428012023100799931
000000197428012023101899930
000000197428012023102399931
000000197428012023103299930
000000197428012023103799931
000000197428012023104499930
000000197428012023110099931
000000197428012023110099931
000000197428012023110499930
000000758328012023075599910
000000758328012023113799911
000000631828012023075699910
000000631828012023075699930
000000631828012023080299931
000000063828012023075699910
000000063828012023120199911
000000052828012023075799910
000000029028012023075799910
000000029028012023103599940
000000029028012023105099941
000000029028012023130699911
000000030628012023075999910
000000030628012023121899911
000000535128012023075999910
000000535128012023080099911
000000210628012023080099910
000000210628012023120199911
000000302628012023080099910
000000302628012023120099911
000000738228012023080199910
000000738228012023120099911
000000225428012023080199910
000000225428012023123299911
000000731728012023080299910
000000190528012023080699910
000000190528012023120799911
000000906328012023080899910
000000906328012023122899911
000000292128012023081099910
000000292128012023121099911
000000083628012023083299910
000000083628012023105099911
000000781228012023085299910
000000781228012023124199940
000000781228012023125999941
000000781228012023134199911
000000764128012023085699910
000000764128012023120099920
000000764128012023130399921
000000764128012023161699911
000000694028012023090399910
000000694028012023130499911
000000746728012023091099910
000000746728012023125999940
000000746728012023131499941
000000746728012023150799911
000000500728012023091899910
000000500728012023093799930
000000500728012023100099931
000000500728012023105899911
000000634228012023094799910
000000634228012023102299911
000000859028012023105599910
000000859028012023143499920
000000859028012023153599921
000000859028012023192099911
000000414428012023105799910
000000414428012023142899920
000000414428012023152999921
000000414428012023190199911
000000005728012023105899910
000000005728012023105899920
000000005728012023120099921
000000005728012023120099911
000000007028012023105899910
000000007028012023105899920
000000007028012023120199921
000000007028012023120299911
000000007528012023105899910
000000007528012023105899920
000000007528012023120199921
000000007528012023120199911
000000007228012023105999910
000000007228012023105999911
000000622228012023110399910
000000622228012023110399920
000000622228012023121099921
000000622228012023121499911
000000500728012023112699910
000000500728012023113599930
000000500728012023131699931
000000500728012023113599930
000000500728012023131799911
000000890128012023115699910
000000890128012023171599911
000000028728012023120099910
000000028728012023120099911
000000292628012023120499910
000000292628012023120499911
000000634228012023121399910
000000634228012023121399911
000000590928012023121399910
000000590928012023121399920
000000590928012023131599921
000000590928012023162999911
000000487528012023125399911
000000487528012023125399911
000000487528012023125399911
000000487528012023125399911
000000487528012023125399911
000000487528012023125399911
000000487528012023125399911
000000487528012023125399911
000000487528012023125399911
000000487528012023125399911
000000487528012023125399911
000000487528012023125399911
000000487528012023125399911
000000487528012023125399911
000000487528012023125399911
000000487528012023125399911
000000487528012023125399911
000000149428012023125699910
000000149428012023125799911
000000007028012023135999910
000000007028012023140099911
000000007928012023140199910
000000007928012023140199911
000000007528012023142799910
000000007528012023142799911
000000006528012023143399910
000000006528012023143399911
000000149428012023164399910
000000149428012023164699911
