000000040102022023041599901
000000040102022023062299905
000000040102022023072799906
000000040102022023073599905
000000040102022023110299906
000000040102022023110299903
000000040102022023121099904
000000040102022023121199905
000000040102022023132099906
000000040102022023133199905
000000040102022023175499906
000000040102022023175499902
000000042102022023060399901
000000042102022023061299905
000000042102022023071399906
000000042102022023082499905
000000042102022023094299906
000000042102022023100699905
000000042102022023102299906
000000042102022023103699905
000000042102022023105699906
000000042102022023113199903
000000042102022023124199904
000000042102022023124199905
000000042102022023145199906
000000042102022023145599905
000000042102022023145899906
000000042102022023151899905
000000042102022023160899906
000000042102022023171699905
000000042102022023180099906
000000042102022023191999902
000000005902022023061599901
000000005902022023061599905
000000005902022023062899906
000000005902022023070299905
000000005902022023094299906
000000005902022023100099905
000000005902022023111099906
000000005902022023112699905
000000005902022023113799906
000000005902022023113799903
000000005902022023124299904
000000005902022023124299905
000000005902022023130199906
000000005902022023134099905
000000005902022023155899906
000000005902022023161099905
000000005902022023175699906
000000005902022023180199905
000000005902022023185099906
000000005902022023185999902
000000006102022023062299901
000000006102022023072599905
000000006102022023082199906
000000006102022023084599905
000000006102022023091899906
000000006102022023092699905
000000006102022023093799906
000000006102022023094599905
000000006102022023104099906
000000006102022023104699905
000000006102022023114399906
000000006102022023115699905
000000006102022023115899906
000000006102022023120599905
000000006102022023122199906
000000006102022023122199903
000000006102022023133799904
000000006102022023133799905
000000006102022023144999906
000000006102022023145399905
000000006102022023153799906
000000006102022023154999905
000000006102022023155599906
000000006102022023160699905
000000006102022023165399906
000000006102022023165899905
000000006102022023172099906
000000006102022023175399902
000000044902022023062999901
000000044902022023071499905
000000044902022023082299906
000000044902022023084499905
000000044902022023091099906
000000044902022023092499905
000000044902022023093099906
000000044902022023094099905
000000044902022023101699906
000000044902022023103199905
000000044902022023115499906
000000044902022023123699903
000000044902022023151299904
000000044902022023151599905
000000044902022023151899906
000000044902022023152499905
000000044902022023153599906
000000044902022023165299905
000000044902022023174799906
000000044902022023182499902
000000034202022023062999901
000000034202022023084399905
000000034202022023120799906
000000034202022023120799903
000000034202022023130599904
000000034202022023130599905
000000034202022023180199906
000000034202022023180199902
000000009302022023063299901
000000009302022023072999905
000000009302022023085199906
000000009302022023090599905
000000009302022023091099906
000000009302022023092699905
000000009302022023093399906
000000009302022023093899905
000000009302022023095099906
000000009302022023095999905
000000009302022023103199906
000000009302022023103799905
000000009302022023104799906
000000009302022023110099905
000000009302022023111199906
000000009302022023112399905
000000009302022023113599906
000000009302022023114699905
000000009302022023115599906
000000009302022023121999903
000000009302022023132299904
000000009302022023132299905
000000009302022023145399906
000000009302022023150399905
000000009302022023151299906
000000009302022023152399905
000000009302022023154299906
000000009302022023154799905
000000009302022023165399906
000000009302022023182399902
000000006902022023063799901
000000006902022023065299905
000000006902022023072299906
000000006902022023090399905
000000006902022023094899906
000000006902022023100999905
000000006902022023103399906
000000006902022023104599905
000000006902022023104999906
000000006902022023110899905
000000006902022023114199906
000000006902022023121499903
000000006902022023134899904
000000006902022023140699905
000000006902022023142199906
000000006902022023144199905
000000006902022023145699906
000000006902022023150899905
000000006902022023151999906
000000006902022023154699905
000000006902022023164899906
000000006902022023182399902
000000047302022023064499901
000000047302022023091999905
000000047302022023093399906
000000047302022023100899905
000000047302022023111099906
000000047302022023111099903
000000047302022023130999904
000000047302022023133399905
000000047302022023171299906
000000047302022023175799902
000000027302022023064599901
000000027302022023082199905
000000027302022023122499906
000000027302022023122499903
000000027302022023131299904
000000027302022023143999905
000000027302022023184999906
000000027302022023222399902
000000036602022023070799901
000000036602022023074499905
000000036602022023084099906
000000036602022023085499905
000000036602022023113599906
000000036602022023113599903
000000036602022023124699904
000000036602022023124699905
000000036602022023201599906
000000033302022023071799901
000000033302022023071799905
000000033302022023103799906
000000033302022023113399903
000000033302022023124099904
000000033302022023124099905
000000033302022023195499906
000000033302022023195599902
000000024202022023071999901
000000024202022023102999905
000000024202022023115799906
000000024202022023115899903
000000024202022023131299904
000000024202022023153399905
000000024202022023170499906
000000024202022023173799905
000000024202022023181799906
