000000030625032023131699911
000000006525032023053099910
000000006525032023070499911
000000535125032023055599910
000000535125032023105699911
000000011025032023055699910
000000011025032023070599911
000000171125032023055799910
000000171125032023070499911
000000525125032023060199910
000000525125032023060299911
000000409725032023060299910
000000409725032023060299911
000000525125032023061499910
000000525125032023103299920
000000525125032023113499921
000000525125032023142699911
000000300925032023065599910
000000300925032023065599911
000000007425032023065599910
000000007425032023065599911
000000830925032023065599910
000000830925032023120699920
000000830925032023130799921
000000830925032023120699920
000000830925032023165699911
000000007925032023065699910
000000007925032023065699911
000000007325032023065699910
000000007325032023065699911
000000590925032023065699910
000000590925032023120499920
000000590925032023130699921
000000590925032023173499911
000000007825032023065699910
000000007825032023065699911
000000731525032023065699910
000000731525032023115699920
000000731525032023125899921
000000731525032023162099911
000000210625032023065699910
000000210625032023125699911
000000009125032023065799910
000000009125032023065799911
000000591325032023065899910
000000591325032023110999920
000000591325032023121099921
000000591325032023144499911
000000007525032023065899910
000000007525032023065899911
000000007025032023065899910
000000007025032023065899911
000000239525032023065899910
000000239525032023105799911
000000005725032023065999910
000000005725032023065999911
000000452825032023070099910
000000452825032023121399920
000000452825032023131499921
000000452825032023142299911
000000500725032023070299910
000000500725032023070399911
000000409725032023070699910
000000011025032023071199910
000000011025032023110199920
000000011025032023120399921
000000011025032023133199911
000000006525032023071399910
000000006525032023085799911
000000500725032023071499910
000000500725032023084199930
000000500725032023095999931
000000500725032023100499930
000000500725032023102399931
000000500725032023124599911
000000306825032023072099910
000000306825032023110999940
000000306825032023112499941
000000306825032023131599911
000000416225032023072599910
000000416225032023081699930
000000416225032023094499931
000000416225032023125799911
000000034525032023072599910
000000034525032023122299911
000000300925032023072599910
000000300925032023121199920
000000300925032023131399921
000000300925032023144199911
000000021725032023073099910
000000021725032023121299911
000000266425032023075299910
000000266425032023120799911
000000197425032023075599910
000000197425032023075599911
000000631825032023075599910
000000631825032023075599930
000000631825032023080099931
000000631825032023105499930
000000631825032023115999931
000000631825032023115999911
000000905925032023075599910
000000905925032023140599911
000000063825032023075699910
000000063825032023120099911
000000846625032023075799910
000000846625032023142699911
000000028725032023075799910
000000028725032023120099911
000000408925032023075799910
000000408925032023132099911
000000488725032023075799910
000000694025032023075899910
000000694025032023121699911
000000268925032023075999910
000000738225032023080099910
000000738225032023120099911
000000225425032023080099910
000000225425032023120399911
000000052825032023080199910
000000030625032023080199910
000000302625032023080199910
000000302625032023120099911
000000906325032023080199910
000000906325032023123699911
000000190525032023080299910
000000190525032023120599911
000000731725032023080499910
000000731725032023120599911
000000292125032023080599910
000000292125032023123599911
000000083625032023080899910
000000083625032023130499911
000000764125032023085599910
000000764125032023121999920
000000764125032023132199921
000000764125032023170599911
000000746725032023091099910
000000746725032023131299940
000000746725032023132899941
000000746725032023131299940
000000746725032023142099911
000000609925032023095599910
000000609925032023103099911
000000890125032023100199910
000000890125032023141599920
000000890125032023152099921
000000890125032023181799911
000000609925032023103399910
000000609925032023121699911
000000883725032023105399910
000000883725032023194299911
000000006525032023105399910
000000006525032023105499920
000000006525032023115599921
000000006525032023115599911
000000007325032023105599910
000000007325032023105599920
000000007325032023115899921
000000007325032023115899911
000000005725032023105899910
000000005725032023105899920
000000005725032023115999921
000000005725032023115999911
000000414425032023105899910
000000414425032023152299920
000000414425032023162399921
000000414425032023201299911
000000009125032023105899910
000000009125032023105899920
000000009125032023120099921
000000009125032023120099911
000000007025032023105899910
000000007025032023105899920
000000007025032023120099921
000000007025032023120099911
000000007425032023105899910
000000007425032023105899920
000000007425032023115999921
000000007425032023115999911
000000007825032023105899910
000000007825032023105899920
000000007825032023120099921
000000007825032023120099911
000000007925032023105999910
000000007925032023105999911
000000149425032023110299910
000000149425032023110299911
000000007525032023110899910
000000007525032023110899920
000000007525032023121199921
000000007525032023121199921
000000007525032023121199911
000000487425032023115699910
000000487425032023160099911
000000409725032023115899910
000000197425032023115899910
000000197425032023115899911
000000007025032023131099910
000000007025032023131099911
000000007325032023131299910
000000007325032023131299911
000000030625032023131699910
000000030625032023131699911
000000171125032023131699910
000000171125032023131699920
000000171125032023141799921
000000171125032023141899911
000000007425032023135199910
000000007425032023135199911
000000009125032023135199910
000000009125032023135199911
000000007525032023135499910
000000007525032023135499911
000000005725032023135899910
000000005725032023135899911
000000007825032023140099910
000000007825032023140099911
000000171125032023142399910
000000171125032023142399911
000000149425032023154899910
000000149425032023154899920
000000149425032023165799921
000000149425032023165899911
000000149425032023174099910
