000000007402032023065799911
000000652402032023050099910
000000652402032023091499920
000000652402032023101599921
000000652402032023091499920
000000652402032023140499911
000000007802032023050199910
000000007002032023050199910
000000634102032023055599910
000000634102032023055699911
000000488702032023055599910
000000488702032023074499911
000000171102032023055599910
000000171102032023055899911
000000609902032023055599910
000000409702032023055899910
000000409702032023110299920
000000409702032023120399921
000000409702032023125299930
000000409702032023152499931
000000409702032023152999911
000000296402032023060399910
000000296402032023102599920
000000296402032023112799921
000000296402032023153199911
000000525102032023060599910
000000525102032023060599911
000000300902032023060699910
000000300902032023111399920
000000300902032023121599921
000000300902032023161699911
000000487502032023060799910
000000487502032023100099920
000000487502032023110199921
000000487502032023172999911
000000525102032023061099910
000000525102032023110399920
000000525102032023120599921
000000525102032023150199911
000000171102032023061499910
000000171102032023111099920
000000171102032023121399921
000000005702032023062999910
000000005702032023080599911
000000083602032023065599910
000000083602032023070199930
000000083602032023091099931
000000083602032023131999920
000000083602032023151899921
000000083602032023131999920
000000083602032023131999920
000000006502032023065699910
000000006502032023112299920
000000006502032023122399921
000000006502032023173799911
000000007302032023065699910
000000007302032023105699920
000000007302032023120099921
000000007302032023120399911
000000007902032023065799910
000000007902032023065799911
000000007402032023065799910
000000007402032023065799911
000000452802032023065799911
000000452802032023065799911
000000452802032023065799910
000000007502032023065899910
000000007502032023065899911
000000590902032023065899910
000000590902032023113999920
000000590902032023124199921
000000590902032023171499911
000000830902032023065999910
000000830902032023120999920
000000830902032023131299921
000000830902032023174099911
000000689202032023065999910
000000689202032023114599920
000000689202032023125099921
000000689202032023181499911
000000731502032023070099910
000000731502032023112599920
000000731502032023122799921
000000731502032023160399911
000000591302032023070199910
000000591302032023120799920
000000591302032023130899921
000000591302032023153899911
000000890102032023070199910
000000890102032023070199911
000000239502032023070599910
000000239502032023113999920
000000239502032023124299921
000000239502032023160799911
000000030602032023070799910
000000030602032023170699911
000000452802032023070799910
000000452802032023111399911
000000030602032023071699910
000000030602032023112499920
000000030602032023122599921
000000030602032023142799911
000000190502032023072599910
000000190502032023113099920
000000190502032023132899921
000000034502032023072599910
000000034502032023115099920
000000034502032023135099921
000000052802032023073099910
000000052802032023120699920
000000052802032023130799921
000000890102032023073199910
000000890102032023120799920
000000890102032023130799921
000000890102032023161299911
000000731702032023073599910
000000731702032023115899920
000000731702032023135799921
000000731702032023173999911
000000007002032023073799910
000000007002032023121699920
000000488702032023075299910
000000488702032023114099920
000000488702032023124199921
000000488702032023163099911
000000781202032023075499910
000000781202032023122199920
000000781202032023132399921
000000781202032023162399911
000000764102032023075599910
000000764102032023122399920
000000764102032023132599921
000000764102032023182499911
000000695202032023075599910
000000028702032023075699910
000000028702032023121799920
000000028702032023132399921
000000028702032023164899911
000000268902032023075799910
000000268902032023120099920
000000268902032023130299921
000000268902032023171299911
000000210602032023080099910
000000210602032023120899920
000000210602032023130999921
000000210602032023172199911
000000225402032023080099910
000000225402032023111899920
000000225402032023122399921
000000225402032023170999911
000000906302032023080099910
000000906302032023120199920
000000906302032023130199921
000000906302032023170099911
000000302602032023080099910
000000302602032023120799920
000000302602032023130999921
000000302602032023130999921
000000302602032023170099911
000000408902032023080099910
000000408902032023122099920
000000408902032023132199921
000000408902032023172199911
000000738202032023080099910
000000738202032023122699920
000000738202032023142699921
000000738202032023181999911
000000029002032023080699910
000000029002032023121099920
000000029002032023141099921
000000029002032023180099911
000000063802032023081499910
000000063802032023081599911
000000746702032023085499910
000000746702032023131299920
000000746702032023144299921
000000746702032023181399911
000000694002032023085899910
000000694002032023121199920
000000694002032023131899921
000000694002032023180499911
000000609902032023090399910
000000609902032023122499920
000000609902032023132699921
000000634102032023095899910
000000634102032023095899920
000000634102032023105999921
000000634102032023141599911
000000487402032023095899910
000000487402032023154399911
000000883702032023105699910
000000883702032023135899920
000000883702032023150099921
000000883702032023191999911
000000859002032023105699910
000000859002032023143799920
000000859002032023153899921
000000859002032023185599911
000000414402032023105899910
000000414402032023143899920
000000414402032023154199921
000000414402032023191799911
000000905902032023105999910
000000905902032023105999911
000000007502032023110099910
000000007502032023110099920
000000007902032023110099910
000000007902032023110099920
000000007902032023130099921
000000007902032023130099911
000000452802032023112299910
000000452802032023122599920
000000452802032023132699921
000000452802032023152699911
000000149402032023132099910
000000149402032023132199911
000000030602032023143699910
000000030602032023164099911
000000005702032023152999910
000000005702032023170199911
000000007302032023153099910
000000007302032023153099911
000000007902032023164099910
000000007902032023164099911
000000007502032023164099910
000000007502032023164099911
000000030602032023170699910
000000030602032023170699911
000000063802032023171699910
000000063802032023171799911
000000149402032023172799910
000000149402032023172799920
000000149402032023182999921
000000149402032023182999911
000000487402032023204099910
000000487402032023204199911
000000149402032023213999910
000000149402032023213999911
