000000006507012023045599910
000000006507012023080199911
000000005707012023050199910
000000005707012023100399920
000000005707012023110399921
000000005707012023135699911
000000052807012023055699910
000000052807012023055699910
000000006807012023060899910
000000006807012023100399930
000000006807012023101399931
000000006807012023103899920
000000006807012023114099921
000000006807012023145499911
000000007807012023061199910
000000007807012023103899920
000000007807012023114099921
000000007807012023144899911
000000622207012023061799910
000000622207012023061799911
000000622207012023062299910
000000622207012023095599920
000000622207012023105899921
000000622207012023140299911
000000731507012023065599910
000000731507012023125499920
000000731507012023135699921
000000731507012023171599911
000000830907012023065699910
000000830907012023130999920
000000830907012023141099921
000000830907012023160899911
000000590907012023065699910
000000590907012023122099920
000000590907012023132199921
000000590907012023154599911
000000591307012023065799910
000000591307012023125299920
000000591307012023135399921
000000591307012023151799911
000000006707012023065899910
000000006707012023073699930
000000006707012023080399931
000000006707012023085499930
000000006707012023095999931
000000006707012023110099920
000000006707012023115699921
000000006707012023122899911
000000007407012023065899910
000000007407012023065899911
000000006607012023065999910
000000006607012023065999911
000000007907012023065999910
000000007907012023065999911
000000007607012023070099910
000000007607012023070099911
000000689207012023070099910
000000689207012023070099911
000000153307012023070099910
000000153307012023121299911
000000266407012023070099910
000000266407012023120899911
000000306807012023070099910
000000306807012023102099940
000000306807012023103599941
000000306807012023131799911
000000007007012023070199910
000000007007012023070399911
000000007507012023070199910
000000007507012023070199911
000000007707012023070199910
000000007707012023070199911
000000652407012023070199910
000000652407012023122899920
000000652407012023133599921
000000652407012023152999911
000000452807012023070299910
000000452807012023120399920
000000452807012023130399921
000000452807012023152499911
000000009107012023070599910
000000009107012023114999911
000000034507012023072699910
000000034507012023112699911
000000416207012023072899910
000000416207012023082099920
000000416207012023092099921
000000416207012023125699911
000000846607012023075099910
000000846607012023120299940
000000846607012023121799941
000000846607012023130699911
000000631807012023075599910
000000631807012023075599930
000000631807012023081699931
000000631807012023110899930
000000631807012023115699931
000000631807012023115699931
000000631807012023120099911
000000197407012023075599910
000000197407012023075599930
000000197407012023081399931
000000197407012023081499911
000000030607012023075699910
000000030607012023115599911
000000028707012023075699910
000000028707012023075699930
000000028707012023081399931
000000028707012023120199911
000000029007012023075799910
000000029007012023104599940
000000029007012023110099941
000000029007012023130599911
000000738207012023080099910
000000738207012023120499911
000000210607012023080099910
000000210607012023120099911
000000302607012023080199910
000000302607012023120099911
000000906307012023080299910
000000906307012023122199911
000000731707012023080399910
000000781207012023080399910
000000781207012023123999940
000000781207012023125599941
000000781207012023130099911
000000083607012023080399910
000000083607012023114699911
000000190507012023080499910
000000190507012023120699911
000000292107012023080599910
000000292107012023120999911
000000225407012023081999910
000000225407012023122199911
000000052807012023082499911
000000890107012023085899910
000000890107012023135299920
000000890107012023145399921
000000890107012023173999911
000000694007012023090099910
000000694007012023132199911
000000746707012023091099910
000000746707012023125599940
000000746707012023131099941
000000746707012023161199911
000000764107012023095799910
000000764107012023133299911
000000007007012023105499910
000000007007012023105599920
000000007007012023115999921
000000007007012023120099911
000000006607012023105599910
000000006607012023105699911
000000007707012023105599910
000000007707012023105599911
000000414407012023105699910
000000414407012023142599920
000000414407012023152699921
000000414407012023191599911
000000859007012023105899910
000000859007012023163699920
000000859007012023173699921
000000859007012023180599911
000000689207012023110199910
000000689207012023110199911
000000007607012023110299910
000000007607012023110299920
000000007607012023120599921
000000007607012023120599911
000000007507012023110299910
000000007507012023110299920
000000007507012023120399921
000000007507012023110299920
000000007507012023120399911
000000007407012023112399910
000000007407012023112499920
000000007407012023122599921
000000007407012023122599911
000000197407012023112899910
000000197407012023112899930
000000197407012023115699931
000000197407012023115699911
000000905907012023115599910
000000905907012023115599911
000000758307012023115599910
000000758307012023151399911
000000149407012023130499910
000000149407012023131599911
000000007507012023140399910
000000007507012023140399911
000000007607012023142899910
000000007607012023142899911
000000007007012023142999910
000000007007012023142999911
000000758307012023155699910
000000758307012023155699911
000000905907012023171799910
000000905907012023171899911
