000000036631012023044899901
000000036631012023071699905
000000036631012023075399906
000000036631012023080299905
000000036631012023084999906
000000036631012023115299905
000000036631012023121299906
000000036631012023125499905
000000036631012023131799906
000000036631012023131899905
000000036631012023134299906
000000036631012023142199903
000000036631012023152899904
000000036631012023155699905
000000036631012023173899906
000000036631012023173899906
000000036631012023174099906
000000040131012023045299901
000000040131012023071599905
000000040131012023073399906
000000040131012023073999905
000000040131012023074699906
000000040131012023092699905
000000040131012023112699906
000000040131012023115299903
000000040131012023125599904
000000040131012023125599905
000000040131012023184599906
000000040131012023200799902
000000033331012023050899901
000000033331012023050899905
000000033331012023110699906
000000033331012023110699903
000000033331012023121499904
000000033331012023121499905
000000033331012023145099906
000000033331012023194699902
000000006631012023051099901
000000006631012023060999905
000000006631012023101999906
000000006631012023103299905
000000006631012023104799906
000000006631012023105699905
000000006631012023110399906
000000006631012023111399905
000000006631012023111999906
000000006631012023120799903
000000006631012023125099904
000000006631012023134899905
000000006631012023135899906
000000006631012023142499905
000000006631012023153199906
000000006631012023160399905
000000006631012023175499906
000000006631012023224399902
000000034231012023051799901
000000034231012023061599905
000000034231012023133599906
000000034231012023133599903
000000034231012023143399904
000000034231012023143399905
000000034231012023181299906
000000034231012023181299902
000000047231012023055099901
000000047231012023060199905
000000047231012023101099906
000000047231012023113599903
000000047231012023123699904
000000047231012023175099902
000000006131012023055599901
000000006131012023075399905
000000006131012023095199906
000000006131012023103199905
000000006131012023114399906
000000006131012023124599903
000000006131012023134599904
000000006131012023134599905
000000006131012023152299906
000000006131012023172999902
000000027331012023060199901
000000027331012023112299903
000000027331012023122199904
000000027331012023122199905
000000027331012023180699906
000000027331012023180699902
000000044931012023062599901
000000044931012023072999905
000000044931012023103999906
000000044931012023105599905
000000044931012023124499906
000000044931012023170099902
000000047331012023063099901
000000047331012023090699905
000000047331012023110799906
000000047331012023110799903
000000047331012023121599904
000000047331012023134199905
000000047331012023145799906
000000047331012023154499905
000000047331012023204499906
000000047331012023214199902
000000009331012023063299901
000000009331012023071399905
000000009331012023074899906
000000009331012023081399905
000000009331012023083599906
000000009331012023083999905
000000009331012023084499906
000000009331012023090299905
000000009331012023093899906
000000009331012023095599905
000000009331012023115499906
000000009331012023123199903
000000009331012023140199904
000000009331012023140199905
000000009331012023152599906
000000009331012023160099905
000000009331012023172399906
000000009331012023175399902
000000006931012023063699901
000000006931012023081599905
000000006931012023082699906
000000006931012023092999905
000000006931012023100199906
000000006931012023102599905
000000006931012023111599906
000000006931012023112799905
000000006931012023113799906
000000006931012023113799903
000000006931012023124699904
000000006931012023124699905
000000006931012023144099906
000000006931012023144099905
000000006931012023145299906
000000006931012023145599905
000000006931012023164299906
000000006931012023172699905
000000006931012023202999906
000000006931012023230999902
000000042131012023064199901
000000042131012023064199905
000000042131012023095099906
000000042131012023103199905
000000042131012023110099906
000000042131012023110099903
000000042131012023124499904
000000042131012023124599905
000000042131012023165899906
000000042131012023174899902
000000005931012023070299901
000000005931012023070299905
000000005931012023071999906
000000005931012023072399905
000000005931012023132299906
000000005931012023132299903
000000005931012023143799904
000000005931012023143799905
000000005931012023164899906
000000005931012023175499902
000000024231012023070399901
000000024231012023081299905
000000024231012023121499906
000000024231012023121499903
000000024231012023131099904
000000024231012023131299905
000000024231012023181399906
000000024231012023181499902
000000027331012023184599901
000000027331012023223799902
