000000006625012023052399901
000000006625012023092599905
000000006625012023113899906
000000006625012023113899903
000000006625012023124399904
000000006625012023124399905
000000006625012023170799906
000000009325012023054399901
000000009325012023073599905
000000009325012023074899906
000000009325012023080699905
000000009325012023082099906
000000009325012023082399905
000000009325012023083199906
000000009325012023084199905
000000009325012023084599906
000000009325012023085399905
000000009325012023090499906
000000009325012023091499905
000000009325012023101499906
000000009325012023105599905
000000009325012023115899906
000000009325012023120199903
000000009325012023133399904
000000009325012023134099905
000000009325012023140099906
000000009325012023141099905
000000009325012023145599906
000000009325012023150599905
000000009325012023165799906
000000009325012023171099905
000000009325012023173999906
000000009325012023193199905
000000009325012023194699906
000000009325012023201899902
000000005925012023060499901
000000005925012023060499905
000000005925012023062999906
000000005925012023081499905
000000005925012023092799906
000000005925012023094299905
000000005925012023100199906
000000005925012023100299905
000000005925012023102299906
000000005925012023102799905
000000005925012023120799906
000000005925012023120899903
000000005925012023130899904
000000005925012023130899905
000000005925012023150599906
000000005925012023154699905
000000005925012023155899906
000000005925012023161099905
000000005925012023162199906
000000005925012023164599905
000000005925012023181999906
000000005925012023181999902
000000036625012023060499901
000000036625012023083099905
000000036625012023105299906
000000036625012023113999905
000000036625012023114999906
000000036625012023115499905
000000036625012023123099906
000000036625012023123099903
000000036625012023152799904
000000036625012023170599905
000000036625012023172399906
000000036625012023174199905
000000036625012023175199906
000000036625012023180699902
000000047325012023061199901
000000047325012023061199905
000000047325012023063799906
000000047325012023073399905
000000047325012023092899906
000000047325012023104799905
000000047325012023120499906
000000047325012023130199903
000000047325012023134899904
000000047325012023152599905
000000047325012023161899906
000000047325012023180799902
000000034225012023061399901
000000034225012023095499905
000000034225012023122299906
000000034225012023152099905
000000034225012023164899906
000000034225012023213799902
000000042125012023062399901
000000042125012023074799905
000000042125012023100699906
000000042125012023102599905
000000042125012023122999906
000000042125012023123299903
000000042125012023142299904
000000042125012023153299905
000000042125012023165699906
000000042125012023171799905
000000042125012023180399906
000000042125012023184299902
000000044925012023062999901
000000044925012023072399905
000000044925012023085099906
000000044925012023085599905
000000044925012023103799906
000000044925012023114799903
000000044925012023131699904
000000044925012023132699905
000000044925012023142299906
000000044925012023144099905
000000044925012023160599906
000000044925012023164399905
000000044925012023173899906
000000044925012023180699902
000000006125012023063699901
000000006125012023070099905
000000006125012023071699906
000000006125012023072399905
000000006125012023094699906
000000006125012023103399905
000000006125012023110499906
000000006125012023110999905
000000006125012023111199906
000000006125012023111799905
000000006125012023112699906
000000006125012023113199905
000000006125012023124099906
000000006125012023125299903
000000006125012023140499904
000000006125012023140499905
000000006125012023141099906
000000006125012023141499905
000000006125012023142799906
000000006125012023143599905
000000006125012023144599906
000000006125012023145299905
000000006125012023162299906
000000006125012023163799905
000000006125012023164999906
000000006125012023165599905
000000006125012023165699906
000000006125012023170399905
000000006125012023173599906
000000006125012023175699902
000000006925012023063999901
000000006925012023071999905
000000006925012023100799906
000000006925012023100799905
000000006925012023114099906
000000006925012023115899905
000000006925012023121099906
000000006925012023121099903
000000006925012023131199904
000000006925012023131199905
000000006925012023172699906
000000006925012023174099905
000000006925012023175499906
000000006925012023181999902
000000033325012023065199901
000000033325012023074299905
000000033325012023092199906
000000033325012023104499905
000000033325012023110299906
000000033325012023110299903
000000033325012023114599904
000000033325012023114599905
000000033325012023150099906
000000033325012023152299905
000000033325012023155299906
000000033325012023160699905
000000033325012023172399906
000000033325012023172399902
000000027325012023070199901
000000027325012023070199905
000000027325012023105699906
000000027325012023105699903
000000027325012023120099904
000000027325012023133499905
000000027325012023171999906
000000027325012023202199902
000000024225012023075699901
000000024225012023102899905
000000024225012023120799906
000000024225012023120799903
000000024225012023132399904
000000024225012023132399905
000000024225012023152099906
000000024225012023152499905
000000024225012023160499906
000000024225012023190799902
