000000622209032023115099911
000000030609032023122699911
000000007309032023050299910
000000007309032023080899911
000000609909032023055599910
000000609909032023092499911
000000007409032023055599910
000000007409032023072399911
000000011009032023055899910
000000011009032023072399911
000000007009032023055899910
000000007009032023072799930
000000007009032023073699931
000000007009032023100099930
000000007009032023101999931
000000171109032023060199910
000000171109032023101899920
000000171109032023112099921
000000171109032023152599911
000000487509032023060199910
000000487509032023103799920
000000487509032023113899921
000000487509032023151099911
000000409709032023060199910
000000409709032023082599930
000000409709032023100799931
000000409709032023100799931
000000409709032023100799920
000000409709032023111099921
000000409709032023111099930
000000409709032023122299931
000000409709032023155699911
000000296409032023060199910
000000296409032023105399920
000000296409032023115399921
000000296409032023141899911
000000525109032023060199910
000000525109032023114999920
000000525109032023125199921
000000525109032023165699911
000000300909032023060199910
000000300909032023060299911
000000634209032023060299910
000000634209032023090399930
000000634209032023102899931
000000634209032023102899920
000000634209032023113099921
000000634209032023113099930
000000634209032023120399931
000000634209032023152199911
000000500709032023060299910
000000500709032023060499911
000000622209032023061799910
000000622209032023095399920
000000622209032023105499921
000000622209032023113399911
000000300909032023061799910
000000300909032023102199920
000000300909032023112299921
000000300909032023112299911
000000500709032023061799910
000000500709032023094999930
000000500709032023113499931
000000500709032023113499920
000000500709032023123599921
000000500709032023123599930
000000500709032023144099931
000000500709032023144099931
000000500709032023155999911
000000634109032023065599910
000000634109032023155099911
000000006509032023065599910
000000006509032023105499920
000000006509032023115599921
000000006509032023173999911
000000591309032023065699910
000000591309032023123399920
000000591309032023133499921
000000591309032023151599911
000000007909032023065699910
000000007909032023065699911
000000083609032023065699910
000000083609032023070299930
000000083609032023093299931
000000083609032023134699920
000000083609032023154799921
000000083609032023170099911
000000149409032023065799910
000000149409032023065799911
000000007809032023065799910
000000007809032023131499921
000000007809032023135699911
000000452809032023065799910
000000452809032023130099920
000000452809032023140199921
000000452809032023152299911
000000590909032023065799910
000000590909032023115999920
000000590909032023130199921
000000590909032023153899911
000000009109032023065899910
000000009109032023065899911
000000689209032023065899910
000000689209032023112699920
000000689209032023122899921
000000689209032023154999911
000000006809032023065899910
000000006809032023084899930
000000006809032023104699931
000000006809032023104699931
000000006809032023110199920
000000006809032023120299921
000000006809032023132999911
000000731509032023065999910
000000731509032023115999920
000000731509032023130099921
000000731509032023163599911
000000830909032023065999910
000000830909032023120699920
000000830909032023130799921
000000830909032023120699920
000000830909032023180599911
000000007509032023070099910
000000007509032023070099911
000000634109032023070199910
000000634109032023115499911
000000239509032023070199910
000000239509032023115199920
000000239509032023125299921
000000239509032023125299921
000000239509032023165099911
000000652409032023070499910
000000652409032023115499920
000000652409032023125899921
000000652409032023152099911
000000029009032023071299910
000000029009032023112099920
000000029009032023132099921
000000029009032023172499911
000000153309032023071799910
000000153309032023110499920
000000153309032023130499921
000000153309032023171599911
000000306809032023072099910
000000306809032023115399920
000000306809032023135699921
000000306809032023170399911
000000268909032023072699910
000000268909032023113499920
000000268909032023123699921
000000268909032023163099911
000000011009032023072699910
000000011009032023110099920
000000011009032023120199921
000000011009032023153799911
000000034509032023072699910
000000034509032023122999920
000000034509032023142999921
000000034509032023180399911
000000488709032023072799910
000000488709032023113699920
000000488709032023123699921
000000488709032023162999911
000000052809032023072799910
000000052809032023115399920
000000052809032023125499921
000000021709032023072899910
000000021709032023110299920
000000021709032023130299921
000000021709032023173099911
000000007409032023072899910
000000007409032023072899910
000000535109032023072999910
000000535109032023114999920
000000535109032023125399921
000000535109032023162899911
000000190509032023072999910
000000190509032023110599920
000000190509032023130299921
000000190509032023173099911
000000266409032023075099910
000000266409032023120699920
000000266409032023131799921
000000846609032023075199910
000000846609032023125899920
000000846609032023150599921
000000846609032023150599921
000000846609032023175399911
000000781209032023075199910
000000781209032023123899920
000000781209032023134099921
000000781209032023164999911
000000416209032023075599910
000000416209032023091599930
000000416209032023101499931
000000416209032023125199920
000000416209032023135399921
000000416209032023164299911
000000631809032023075599910
000000631809032023075599930
000000631809032023095799931
000000631809032023120099920
000000631809032023130199921
000000631809032023130599930
000000631809032023134999931
000000631809032023173199911
000000408909032023075799910
000000408909032023113699920
000000408909032023123799921
000000210609032023075899910
000000210609032023114499920
000000210609032023124599921
000000210609032023171199911
000000030609032023075999910
000000694009032023075999910
000000694009032023125399920
000000694009032023140299921
000000694009032023171099911
000000225409032023080099910
000000225409032023111199920
000000225409032023121199921
000000225409032023170099911
000000906309032023080199910
000000906309032023130199920
000000906309032023140199921
000000906309032023170199911
000000302609032023080199910
000000302609032023120499920
000000302609032023130599921
000000302609032023170099911
000000292109032023082499910
000000292109032023125099920
000000292109032023135299921
000000292109032023135299921
000000292109032023182899911
000000746709032023085099910
000000746709032023130599920
000000746709032023143699921
000000746709032023181299911
000000890109032023085999910
000000890109032023122699920
000000890109032023133399921
000000890109032023180099911
000000007409032023091299911
000000007409032023091299911
000000487409032023095899910
000000487409032023145799911
000000414409032023105599910
000000414409032023140199920
000000414409032023150299921
000000414409032023191599911
000000859009032023105599910
000000859009032023141499920
000000859009032023151499921
000000859009032023191099911
000000883709032023105599910
000000883709032023140799920
000000883709032023150899921
000000883709032023150899921
000000883709032023190799911
000000007909032023105799910
000000007909032023105799920
000000007909032023125899921
000000007909032023125899911
000000764109032023105799910
000000764109032023142299920
000000764109032023152499921
000000764109032023191099911
000000007409032023105799910
000000007409032023105799920
000000007409032023115899921
000000007409032023115899911
000000007509032023105899910
000000007509032023105899911
000000009109032023105999910
000000009109032023105999920
000000009109032023130199921
000000009109032023130199911
000000007709032023110099910
000000007709032023110099920
000000007709032023130199921
000000007709032023130199911
000000005709032023112799910
000000005709032023151199911
000000622209032023115099910
000000622209032023144299911
000000634109032023121999910
000000634109032023154799911
000000030609032023122799910
000000030609032023122799920
000000030609032023132899921
000000030609032023170599911
000000149409032023130199910
000000149409032023130599911
000000007509032023105999920
000000007509032023130299911
000000007409032023145599910
000000007409032023145599911
000000487409032023151199910
000000487409032023180299920
000000487409032023190599921
000000300909032023161299911
000000300909032023161299911
000000300909032023161299911
000000300909032023161299911
000000300909032023161299911
000000300909032023161299911
000000300909032023161299911
000000300909032023161299911
000000300909032023161299911
000000300909032023161299911
000000300909032023161299911
000000300909032023161299911
000000300909032023161299911
000000300909032023161299911
000000300909032023161299911
000000300909032023161299911
000000300909032023161299911
000000300909032023161299911
000000300909032023161299911
000000300909032023161299911
000000300909032023161299911
000000300909032023161299911
000000300909032023161299911
000000300909032023161299911
000000300909032023161299911
000000300909032023161299911
000000300909032023161299911
000000300909032023161299911
000000300909032023161299911
000000300909032023161299911
000000300909032023161299911
000000300909032023161299911
000000300909032023161299911
000000300909032023161299911
000000300909032023161299911
000000300909032023161299911
000000300909032023161299911
000000300909032023161299911
000000300909032023161299911
000000300909032023161299911
000000300909032023161299911
000000300909032023161299911
000000300909032023161299911
000000300909032023161299911
000000300909032023161299911
000000300909032023161299911
000000300909032023161299911
000000300909032023161299911
000000300909032023161299911
000000300909032023161299911
000000300909032023161299911
000000300909032023161299911
000000300909032023161299911
000000300909032023161299911
000000300909032023161299911
000000300909032023161299911
000000300909032023161299911
000000300909032023161299911
000000300909032023161299911
000000609909032023162699910
000000609909032023162699911
000000905909032023163099910
000000905909032023163199911
000000007509032023163899910
000000007509032023163899910
000000007509032023163899910
000000007509032023163899910
000000007509032023163899910
000000007509032023163899910
000000007509032023163899910
000000007509032023163899910
000000007509032023163899910
000000007509032023163899910
000000007509032023163899910
000000007509032023163899910
000000007509032023163899910
000000007509032023163899910
000000007509032023163899910
000000007509032023163899910
000000007509032023163899910
000000007709032023164099910
000000007709032023164099911
000000006809032023164599910
000000006809032023164599911
000000063809032023172799910
000000063809032023172799911
000000009109032023175999910
000000009109032023175999911
000000149409032023180599910
000000149409032023180899920
000000149409032023190999921
000000149409032023191299911
000000149409032023213799910
000000149409032023214099911
000000005709032023102399920
000000731709032023120099920
000000731709032023140099921
