000000225424012023130299911
000000452824012023111199920
000000452824012023121299921
000000452824012023155599911
000000266424012023121799920
000000266424012023132899921
000000266424012023171599911
000000028724012023043199910
000000006524012023045599910
000000006624012023052599910
000000006624012023115099920
000000006624012023125099921
000000006624012023153799911
000000171124012023055599910
000000171124012023105499920
000000171124012023115599921
000000171124012023143899911
000000409724012023055899910
000000409724012023085899930
000000409724012023095899931
000000409724012023095899920
000000409724012023105999921
000000409724012023142499911
000000500724012023055899910
000000500724012023094999931
000000500724012023101799920
000000500724012023112099921
000000500724012023142499911
000000487424012023060099910
000000487424012023101399920
000000487424012023111699921
000000300924012023060499910
000000300924012023102299911
000000634224012023060699910
000000634224012023100599920
000000634224012023111199921
000000634224012023111199930
000000634224012023124199931
000000634224012023143799911
000000622224012023060799910
000000622224012023100199920
000000622224012023111599921
000000622224012023153499911
000000487524012023061099910
000000487524012023111099920
000000487524012023121299921
000000487524012023153699911
000000005724012023062899910
000000005724012023101399920
000000005724012023101399920
000000005724012023101399920
000000525124012023065599910
000000525124012023115399920
000000525124012023125799921
000000525124012023180499911
000000007424012023065599910
000000007424012023110199920
000000007424012023130199921
000000007524012023065599910
000000007524012023065599911
000000591324012023065699910
000000591324012023131499920
000000591324012023141599921
000000591324012023163299911
000000639124012023065699910
000000639124012023130299920
000000639124012023140299921
000000639124012023130299920
000000639124012023130299920
000000639124012023130299920
000000639124012023140299911
000000006724012023065699910
000000006724012023065699911
000000830924012023065699910
000000830924012023065699911
000000007924012023065699910
000000007924012023065699911
000000007824012023065699910
000000007824012023065699911
000000007224012023065699910
000000007224012023065699911
000000007024012023065799910
000000007024012023084799930
000000007024012023092999931
000000007024012023110199920
000000007024012023130299921
000000007024012023130299911
000000007724012023065799910
000000007724012023065799911
000000029024012023065899910
000000029024012023110599920
000000029024012023130799921
000000029024012023171199911
000000007624012023065899910
000000007624012023113699920
000000007624012023123699921
000000007624012023174699911
000000225424012023070199910
000000225424012023110599920
000000225424012023120799921
000000225424012023130099911
000000689224012023070199910
000000689224012023121899920
000000689224012023131999921
000000689224012023165599911
000000006824012023070299910
000000006824012023070299911
000000652424012023070399910
000000652424012023124999920
000000652424012023135099921
000000652424012023165399911
000000830924012023070699910
000000830924012023122999920
000000830924012023133099921
000000830924012023133099921
000000830924012023151799911
000000190524012023073799910
000000190524012023110299920
000000190524012023130099921
000000197424012023075599910
000000197424012023075599930
000000197424012023080899931
000000197424012023080899931
000000197424012023081099930
000000197424012023082499931
000000197424012023082499931
000000197424012023082499911
000000746724012023085099910
000000746724012023130799920
000000746724012023143799921
000000746724012023181299911
000000890124012023085399910
000000890124012023140299920
000000890124012023150299921
000000890124012023174399911
000000609924012023085599910
000000609924012023130099920
000000609924012023140199921
000000609924012023180299911
000000694024012023090399910
000000694024012023120799920
000000694024012023131599921
000000694024012023181999911
000000300924012023102299910
000000300924012023102299920
000000859024012023105599910
000000859024012023142599920
000000859024012023152599921
000000859024012023191899911
000000414424012023105699910
000000414424012023145999920
000000414424012023160099921
000000414424012023193799911
000000007524012023105899910
000000007524012023105899920
000000007524012023130199921
000000007524012023130199911
000000007824012023105999910
000000007824012023105999920
000000007824012023130099921
000000007824012023130099911
000000006824012023105999910
000000006824012023105999920
000000006824012023130199921
000000006824012023130299911
000000007224012023105999910
000000007224012023110099920
000000007224012023130099921
000000007224012023130099911
000000764124012023110099910
000000764124012023143099920
000000764124012023153199921
000000006724012023110099910
000000006724012023110099920
000000006724012023125999921
000000006724012023125999911
000000007724012023110199910
000000007724012023110199920
000000007724012023130399921
000000007724012023130399911
000000005724012023111699910
000000005724012023145599911
000000652424012023114399911
000000652424012023114399911
000000652424012023114399911
000000652424012023114399911
000000652424012023114399911
000000652424012023114399911
000000652424012023114399911
000000652424012023114399911
000000652424012023114399911
000000758324012023115899910
000000758324012023165799920
000000758324012023175899921
000000758324012023190299911
000000197424012023115999910
000000197424012023120099920
000000197424012023130199921
000000197424012023130199911
000000149424012023125999910
000000149424012023125999911
000000225424012023130299910
000000225424012023170099911
000000292624012023120599920
000000292624012023130599921
000000292624012023132299911
000000028724012023093399921
000000028724012023123899930
000000028724012023131999931
000000028724012023131999931
000000028724012023134199911
000000639124012023151699910
000000639124012023151699910
000000639124012023151699910
000000639124012023151699910
000000639124012023151699911
000000639124012023151699911
000000639124012023151699911
000000639124012023151699911
000000639124012023151699911
000000006524012023113699920
000000006524012023123799921
000000006524012023154099911
000000007024012023154099910
000000007024012023154099911
000000695224012023155799910
000000695224012023173299911
000000083624012023160399911
000000781224012023144599920
000000781224012023154799921
000000781224012023160499911
000000590924012023115499920
000000590924012023125599921
000000590924012023162199911
000000488724012023113499920
000000488724012023123699921
000000488724012023162699911
000000007524012023162899910
000000007524012023162999911
000000007824012023163499910
000000007824012023163499911
000000197424012023163999910
000000197424012023164099930
000000197424012023170599931
000000197424012023172399930
000000197424012023173099931
000000197424012023173799930
000000197424012023174099931
000000197424012023174099911
000000006724012023164799910
000000006724012023164799911
000000007224012023165699910
000000007224012023165699911
000000030624012023123399920
000000030624012023133499921
000000030624012023165999911
000000306824012023111399920
000000306824012023131399921
000000306824012023170099911
000000302624012023121299920
000000302624012023131499921
000000302624012023170099911
000000006824012023170399910
000000006824012023170399911
000000292124012023110299920
000000292124012023120399921
000000292124012023170699911
000000063824012023120499920
000000063824012023130699921
000000063824012023171099911
000000906324012023121899920
000000906324012023131999921
000000906324012023171599911
000000153324012023110499920
000000153324012023133499921
000000153324012023133599920
000000153324012023133599921
000000153324012023171899911
000000009124012023105899920
000000009124012023125999921
000000009124012023172799911
000000034524012023120599920
000000034524012023140599921
000000034524012023173099911
000000210624012023120699920
000000210624012023130799921
000000210624012023173199911
000000149424012023173299910
000000535124012023115799920
000000535124012023130099921
000000535124012023173599911
000000731724012023120199920
000000731724012023140099921
000000731724012023173999911
000000846624012023122099920
000000846624012023141699921
000000846624012023174399911
000000731524012023123799920
000000731524012023133999921
000000731524012023174599911
000000416224012023084599930
000000416224012023084699931
000000416224012023085999930
000000416224012023094499931
000000416224012023115899920
000000416224012023135999921
000000416224012023165199930
000000416224012023173899931
000000416224012023174699911
000000738224012023114199920
000000738224012023134299921
000000738224012023180099911
000000483224012023113699920
000000483224012023123799921
000000483224012023180999911
000000292624012023191299910
000000292624012023191299911
000000631824012023105799930
000000631824012023113199931
000000631824012023115999920
000000631824012023130099921
