000000758310042023095699911
000000006710042023050099910
000000006710042023052499930
000000006710042023053299931
000000006710042023071899930
000000006710042023080599931
000000006710042023092199930
000000006710042023104299931
000000006710042023104299920
000000006710042023114299921
000000006710042023123799930
000000006710042023124799931
000000006710042023133299911
000000006610042023052899910
000000006610042023100199920
000000006610042023110299921
000000006610042023154899911
000000007010042023060099910
000000007010042023060099911
000000525110042023060299910
000000525110042023061199911
000000487410042023060399910
000000487410042023100099920
000000487410042023110399921
000000487410042023162299911
000000652410042023060399910
000000652410042023114399920
000000652410042023124499921
000000652410042023161899911
000000171110042023060399910
000000171110042023100199920
000000171110042023110399921
000000171110042023162799911
000000296410042023060499910
000000296410042023101699920
000000296410042023111799921
000000296410042023152399911
000000409710042023060499910
000000409710042023084999930
000000409710042023095599931
000000409710042023095599931
000000409710042023095699920
000000409710042023110499921
000000409710042023110499930
000000409710042023141599911
000000622210042023060999910
000000622210042023092199920
000000622210042023102299921
000000487510042023060999910
000000487510042023100199920
000000487510042023110299921
000000487510042023140299911
000000634210042023061199910
000000634210042023120799911
000000525110042023061799910
000000525110042023104599920
000000525110042023114799921
000000525110042023140799911
000000007910042023065499910
000000007910042023065499911
000000007910042023065499911
000000007910042023065499911
000000006510042023065599910
000000006510042023110599920
000000006510042023130699921
000000006510042023144999911
000000634110042023065599910
000000634110042023120899920
000000634110042023131099921
000000634110042023120899920
000000007410042023065599910
000000007410042023115499920
000000007410042023125499921
000000007410042023133999911
000000007810042023065599910
000000007810042023065599911
000000639110042023065699910
000000639110042023115799920
000000639110042023130499921
000000639110042023154199911
000000083610042023065699910
000000083610042023070499930
000000083610042023085599931
000000083610042023085599931
000000083610042023124999920
000000083610042023145899921
000000083610042023173099911
000000830910042023065699910
000000830910042023125099920
000000830910042023135199921
000000830910042023163299911
000000007310042023065699910
000000007310042023065699911
000000590910042023065699910
000000590910042023114799920
000000590910042023124999921
000000590910042023155799911
000000007710042023065699910
000000007710042023114999940
000000007710042023114999941
000000007710042023115099920
000000007710042023125299921
000000007710042023173299911
000000007510042023065799910
000000007510042023065799911
000000452810042023065899910
000000452810042023111899920
000000452810042023122499921
000000452810042023133499911
000000689210042023070099910
000000689210042023115599920
000000689210042023125699921
000000689210042023170499911
000000591310042023070399910
000000591310042023121099920
000000591310042023131199921
000000591310042023154299911
000000239510042023070599910
000000239510042023112799920
000000239510042023123099921
000000239510042023164399911
000000030610042023070599910
000000030610042023070599911
000000306810042023072099910
000000306810042023110199920
000000306810042023130199921
000000030610042023072499910
000000030610042023120999911
000000190510042023072599910
000000190510042023110999920
000000190510042023130799921
000000190510042023173299911
000000731710042023072599910
000000731710042023114899920
000000731710042023135099921
000000731710042023172699911
000000034510042023072699910
000000034510042023113099920
000000034510042023133099921
000000034510042023173199911
000000021710042023072799910
000000021710042023110299920
000000021710042023130299921
000000021710042023173099911
000000268910042023072899910
000000268910042023115199920
000000268910042023125299921
000000268910042023164299911
000000052810042023072899910
000000052810042023115199920
000000052810042023125399921
000000052810042023163199911
000000488710042023072999910
000000488710042023113699920
000000488710042023123799921
000000483210042023073299910
000000483210042023074299910
000000483210042023113199920
000000483210042023123299921
000000483210042023162899911
000000343210042023074399910
000000343210042023120499920
000000343210042023140199921
000000266410042023075099910
000000266410042023120299920
000000266410042023131399921
000000416210042023075599910
000000416210042023085499930
000000416210042023115099931
000000416210042023115999920
000000416210042023135999921
000000197410042023075599910
000000197410042023075599930
000000197410042023080499931
000000197410042023083099930
000000197410042023083899931
000000197410042023084499930
000000197410042023085599931
000000197410042023091399930
000000197410042023092299931
000000197410042023091399930
000000197410042023094599930
000000197410042023102799931
000000197410042023104799930
000000197410042023111199931
000000197410042023114999930
000000197410042023115299931
000000197410042023120199930
000000197410042023121899931
000000197410042023121999920
000000197410042023132099921
000000197410042023134799930
000000197410042023144499931
000000197410042023153999930
000000197410042023170199931
000000197410042023172099930
000000299110042023075799910
000000299110042023115299920
000000299110042023125399921
000000299110042023170499911
000000767510042023075899910
000000767510042023122099920
000000767510042023132299921
000000767510042023170899911
000000210610042023075999910
000000210610042023115999920
000000210610042023130099921
000000408910042023075999910
000000408910042023121299920
000000408910042023131499921
000000408910042023171899911
000000292610042023080099910
000000292610042023080799911
000000738210042023080099910
000000738210042023130799920
000000738210042023150899921
000000906310042023080099910
000000906310042023125499920
000000906310042023135499921
000000906310042023170099911
000000302610042023080299910
000000302610042023120099920
000000302610042023130199921
000000695210042023080599910
000000695210042023121999920
000000695210042023132499921
000000695210042023132499921
000000695210042023132499921
000000292110042023080899910
000000292110042023133699920
000000292110042023143799921
000000631810042023081099910
000000631810042023081099930
000000631810042023102199931
000000631810042023125199920
000000631810042023135199921
000000742510042023081299910
000000742510042023123499920
000000742510042023133599921
000000742510042023171199911
000000063810042023081999910
000000063810042023125999920
000000063810042023140399921
000000846610042023082099910
000000846610042023130199920
000000846610042023145799921
000000746710042023085099910
000000746710042023130399920
000000746710042023143499921
000000764110042023085799910
000000764110042023130899920
000000764110042023140999921
000000764110042023170799911
000000535110042023090099910
000000535110042023090099911
000000890110042023090399910
000000890110042023132699920
000000890110042023143199921
000000694010042023090599910
000000694010042023121399920
000000694010042023131899921
000000758310042023095699910
000000758310042023193799911
000000758310042023100699910
000000758310042023151699911
000000005710042023104699910
000000005710042023104699920
000000005710042023114699921
000000414410042023105599910
000000414410042023150299920
000000414410042023160399921
000000414410042023190099911
000000007510042023105899910
000000007510042023105899920
000000007510042023130199921
000000007510042023130199921
000000007510042023130199911
000000007310042023110199910
000000007310042023110199920
000000007310042023130299921
000000007310042023130299911
000000905910042023110199910
000000905910042023134299920
000000905910042023144699921
000000905910042023210799911
000000859010042023110999910
000000859010042023110999911
000000883710042023111099910
000000883710042023140199920
000000883710042023150399921
000000883710042023191599911
000000007810042023120099910
000000007810042023120099920
000000007810042023130199921
000000007810042023130199911
000000292610042023120399910
000000292610042023120499920
000000292610042023130599921
000000292610042023165999911
000000634210042023121099910
000000634210042023121499920
000000634210042023131599921
000000634210042023172199911
000000500710042023121299910
000000500710042023122599911
000000005710042023121599910
000000005710042023162699911
000000500710042023122699910
000000500710042023161899920
000000500710042023173399921
000000500710042023215199911
000000030610042023123599910
000000030610042023130999920
000000030610042023141099921
000000030610042023161699911
000000452810042023135199910
000000452810042023171699911
000000535110042023143299911
000000535110042023143299911
000000488710042023162699910
000000488710042023162699911
000000030610042023163899910
000000030610042023163899911
000000007810042023164299910
000000007810042023164299911
000000006510042023164499910
000000006510042023164499911
000000007510042023164999910
000000007510042023164999911
000000007310042023165699910
000000007310042023165699911
000000535110042023171799910
000000535110042023171799911
000000859010042023191899910
000000859010042023191899911
000000535110042023143299921
