000000028718012023043299910
000000028718012023071599911
000000006718012023045599910
000000006718012023052299930
000000006718012023053499931
000000006718012023071699930
000000006718012023080699931
000000006718012023091499930
000000006718012023105699931
000000006718012023105699920
000000006718012023115799921
000000006718012023125199930
000000006718012023125499931
000000006718012023133499911
000000006518012023045599910
000000006518012023073899911
000000007618012023045899910
000000007618012023101699911
000000006618012023053099910
000000006618012023113199920
000000006618012023123299921
000000006618012023151999911
000000609918012023055599910
000000609918012023090899911
000000171118012023055799910
000000171118012023100099920
000000171118012023110199921
000000171118012023142099911
000000409718012023060099910
000000409718012023060099911
000000500718012023060299910
000000500718012023124699911
000000007018012023060299910
000000007018012023081199930
000000007018012023084499931
000000007018012023091699930
000000007018012023095499931
000000007018012023095499920
000000007018012023105699921
000000007018012023115199930
000000007018012023123399931
000000007018012023141299911
000000300918012023060899910
000000300918012023060899911
000000487518012023060999910
000000487518012023103699911
000000634218012023061199910
000000634218012023092999930
000000634218012023100199931
000000634218012023100199920
000000634218012023110699921
000000634218012023110699930
000000634218012023121099931
000000634218012023145599911
000000006818012023062399910
000000006818012023062399911
000000007718012023062699910
000000007718012023102999920
000000007718012023113099921
000000007718012023113099911
000000639118012023065699910
000000639118012023121799920
000000639118012023132599921
000000639118012023172099911
000000007818012023065699910
000000007818012023110099920
000000007818012023130199921
000000007818012023130199911
000000487418012023065799910
000000590918012023065799910
000000590918012023125099920
000000590918012023135399921
000000590918012023151699911
000000007418012023065799910
000000007418012023065799911
000000830918012023065899910
000000830918012023122799920
000000830918012023132899921
000000830918012023175099911
000000591318012023065899910
000000591318012023124999920
000000591318012023135099921
000000591318012023162999911
000000007918012023065899910
000000007918012023065899911
000000007518012023065999910
000000007518012023065999911
000000005718012023070099910
000000005718012023105899920
000000005718012023130099921
000000652418012023070199910
000000652418012023121099920
000000652418012023131299921
000000652418012023162499911
000000007218012023070199910
000000007218012023070199911
000000525118012023070199910
000000525118012023111299920
000000525118012023121499921
000000525118012023175899911
000000731518012023070299910
000000731518012023121499920
000000731518012023131599921
000000731518012023165799911
000000689218012023070299910
000000689218012023123099920
000000689218012023133199921
000000452818012023070399910
000000452818012023124399920
000000452818012023134699921
000000452818012023150099911
000000153318012023071899910
000000153318012023130299920
000000153318012023150399921
000000153318012023171399911
000000622218012023071899910
000000622218012023110199920
000000622218012023120699921
000000622218012023120699911
000000306818012023072099910
000000306818012023110699920
000000306818012023130699921
000000009118012023072699910
000000009118012023105699920
000000009118012023125999921
000000034518012023072699910
000000034518012023114399920
000000034518012023134399921
000000034518012023173799911
000000483218012023072999910
000000483218012023073099911
000000052818012023073099910
000000052818012023120599920
000000052818012023130799921
000000731718012023073199910
000000731718012023130999920
000000731718012023150999921
000000535118012023073299910
000000535118012023114699920
000000535118012023125099921
000000535118012023164999911
000000190518012023073299910
000000190518012023110799920
000000190518012023130599921
000000266418012023075199910
000000266418012023120299920
000000266418012023131299921
000000846618012023075299910
000000846618012023120099920
000000846618012023135899921
000000846618012023174599911
000000631818012023075599910
000000631818012023075599930
000000631818012023100699931
000000631818012023100799911
000000416218012023075599910
000000416218012023120999920
000000416218012023140999921
000000416218012023174899911
000000197418012023075599910
000000197418012023075599930
000000197418012023111899931
000000197418012023113599930
000000197418012023120099931
000000197418012023120099920
000000197418012023130199921
000000197418012023130199930
000000197418012023151099931
000000197418012023151099931
000000197418012023151099931
000000197418012023152299930
000000197418012023154099931
000000197418012023154099931
000000197418012023154099931
000000197418012023155299930
000000030618012023075699910
000000030618012023130699920
000000030618012023140899921
000000030618012023170499911
000000210618012023075899910
000000210618012023110099920
000000210618012023120199921
000000210618012023170099911
000000063818012023075999910
000000063818012023131399920
000000063818012023141599921
000000063818012023175899911
000000738218012023080099910
000000738218012023113199920
000000738218012023133299921
000000738218012023181299911
000000302618012023080099910
000000302618012023120099920
000000302618012023130199921
000000302618012023170099911
000000225418012023080099910
000000225418012023123099920
000000225418012023133599921
000000225418012023170199911
000000292618012023080099910
000000292618012023132299920
000000292618012023142399921
000000292618012023170699911
000000906318012023080299910
000000906318012023115799920
000000906318012023125899921
000000906318012023170299911
000000029018012023080699910
000000029018012023123099920
000000029018012023143099921
000000029018012023180199911
000000292118012023080899910
000000292118012023131699920
000000292118012023142399921
000000292118012023171599911
000000483218012023081099910
000000483218012023115599920
000000483218012023125699921
000000483218012023163499911
000000083618012023081399910
000000083618012023162599911
000000006518012023083199910
000000006518012023115599920
000000006518012023125699921
000000006518012023154199911
000000028718012023083299910
000000028718012023083399920
000000028718012023093699921
000000028718012023093699930
000000028718012023103599931
000000028718012023130299930
000000028718012023132299931
000000028718012023135999911
000000488718012023084399910
000000488718012023091099911
000000746718012023085099910
000000746718012023131699920
000000746718012023144899921
000000746718012023181299911
000000694018012023085999910
000000694018012023121599920
000000694018012023132499921
000000694018012023180399911
000000890118012023090099910
000000890118012023122199920
000000890118012023132499921
000000890118012023173099911
000000764118012023095699910
000000764118012023130199920
000000764118012023140499921
000000905918012023095899910
000000905918012023095899911
000000781218012023100399910
000000781218012023125199920
000000781218012023135399921
000000781218012023203399911
000000488718012023100999910
000000488718012023131499920
000000488718012023141599921
000000488718012023163099911
000000006818012023103099910
000000006818012023103099920
000000006818012023113199921
000000006818012023113199911
000000609918012023103799910
000000609918012023110099920
000000609918012023120299921
000000609918012023120399911
000000300918012023104099910
000000300918012023104099920
000000300918012023114399921
000000300918012023151899911
000000859018012023105699910
000000859018012023140999920
000000859018012023151099921
000000859018012023191799911
000000414418012023105799910
000000414418012023135599920
000000414418012023145699921
000000414418012023191499911
000000007518012023105799910
000000007518012023105799920
000000007518012023125999921
000000007518012023125999911
000000007918012023105899910
000000007918012023105899920
000000007918012023125899921
000000007918012023125899911
000000007418012023105899910
000000007418012023105899920
000000007418012023125999921
000000007418012023125999911
000000007218012023105999910
000000007218012023105999920
000000007218012023130199921
000000007218012023130199911
000000487518012023113399910
000000487518012023120199920
000000487518012023130399921
000000487518012023161699911
000000758318012023115799910
000000758318012023160499920
000000758318012023170599921
000000758318012023205799911
000000631818012023115999910
000000631818012023115999920
000000631818012023130199921
000000631818012023130399911
000000149418012023125999910
000000149418012023130099911
000000487418012023134799910
000000487418012023153299911
000000007018012023143099910
000000007018012023143199911
000000409718012023090299930
000000409718012023100199931
000000409718012023100199920
000000409718012023111199921
000000409718012023144999911
000000622218012023145399910
000000622218012023145399911
000000452818012023150399910
000000452818012023152199911
000000007718012023152899910
000000007718012023152899911
000000006818012023152999910
000000006818012023152999911
000000007218012023164099910
000000007218012023164099911
000000007418012023164099910
000000007418012023164099911
000000007818012023164099910
000000007818012023164099911
000000005718012023164399910
000000005718012023164399911
000000007518012023164699910
000000007518012023164699911
000000007918012023164999910
000000007918012023164999911
000000905918012023170999910
000000905918012023170999911
000000149418012023174199910
000000149418012023174199920
000000149418012023184399921
000000149418012023184399911
