000000047327012023054499901
000000047327012023063799905
000000047327012023075699906
000000047327012023084399905
000000047327012023101399906
000000047327012023112199903
000000047327012023125299904
000000047327012023141399905
000000036627012023061299901
000000036627012023090799905
000000036627012023105299906
000000036627012023121499903
000000036627012023132299904
000000036627012023135099905
000000036627012023142699906
000000036627012023144199905
000000036627012023145799906
000000036627012023145799902
000000033327012023061799901
000000033327012023063799905
000000033327012023102899906
000000033327012023105299903
000000033327012023113299904
000000033327012023113299902
000000044927012023062499901
000000044927012023071399905
000000044927012023100799906
000000044927012023104399905
000000044927012023105899906
000000044927012023114399905
000000044927012023123599906
000000044927012023124099903
000000044927012023134099904
000000044927012023134999905
000000044927012023142599906
000000044927012023150899905
000000044927012023164199906
000000044927012023182499905
000000044927012023183399906
000000044927012023190699902
000000042127012023062699901
000000042127012023062999905
000000042127012023095299906
000000042127012023101899905
000000042127012023102999906
000000042127012023114599903
000000042127012023123799904
000000042127012023132099905
000000042127012023133499906
000000042127012023155799902
000000009327012023062799901
000000009327012023075599905
000000009327012023090399906
000000009327012023092299905
000000009327012023092899906
000000009327012023101599905
000000009327012023102499906
000000009327012023110199905
000000009327012023114499906
000000009327012023114899903
000000009327012023130599904
000000009327012023133799905
000000009327012023142599906
000000009327012023145599905
000000009327012023173899906
000000009327012023193599902
000000005927012023062899901
000000005927012023062899905
000000005927012023112099906
000000005927012023113199903
000000005927012023130899904
000000005927012023134899905
000000005927012023135999906
000000005927012023141199905
000000005927012023141599906
000000005927012023141999905
000000005927012023150899906
000000005927012023150899902
000000024227012023063099901
000000024227012023082899905
000000024227012023110299906
000000024227012023110299903
000000024227012023121499904
000000024227012023150399905
000000024227012023161399906
000000024227012023164999905
000000024227012023184199906
000000024227012023203699902
000000006127012023063399901
000000006127012023065799905
000000006127012023082799906
000000006127012023083999905
000000006127012023093899906
000000006127012023093899905
000000006127012023094499906
000000006127012023101099905
000000006127012023102799906
000000006127012023104199905
000000006127012023105499906
000000006127012023111299905
000000006127012023124399906
000000006127012023132599903
000000006127012023142799904
000000006127012023142799905
000000006127012023143299906
000000006127012023145599905
000000006127012023154699906
000000006127012023161699905
000000006127012023164099906
000000006127012023164799905
000000006127012023165799906
000000006127012023172999902
000000006927012023064499901
000000006927012023083099905
000000006927012023094699906
000000006927012023095199905
000000006927012023095299906
000000006927012023100699905
000000006927012023102399906
000000006927012023103099905
000000006927012023105699906
000000006927012023111999905
000000006927012023124299906
000000006927012023125899903
000000006927012023143799904
000000006927012023144299905
000000006927012023145899906
000000006927012023152399905
000000006927012023163999906
000000006927012023172199905
000000006927012023180899906
000000006927012023192199905
000000006927012023193799906
000000006927012023200899902
000000034227012023085299901
000000034227012023085299905
000000034227012023164799906
000000034227012023164799902
000000006627012023065199905
000000006627012023123299906
000000006627012023130099905
000000006627012023134499906
000000006627012023134499903
000000006627012023145599904
000000006627012023145599902
