000000007217012023070299921
000000007217012023070699911
000000028717012023040099910
000000028717012023073999930
000000028717012023074599931
000000028717012023082099911
000000007617012023050199910
000000007617012023082099911
000000006617012023053199910
000000006617012023095599920
000000006617012023105699921
000000006617012023151599911
000000171117012023055599910
000000171117012023100299920
000000171117012023110399921
000000171117012023143899911
000000609917012023055599910
000000609917012023081099911
000000409717012023055999910
000000409717012023082999930
000000409717012023101499931
000000409717012023105599920
000000409717012023120399921
000000409717012023144799911
000000500717012023060099910
000000500717012023103699920
000000500717012023114199921
000000500717012023114199930
000000500717012023121099931
000000500717012023130099930
000000500717012023154199931
000000500717012023154799911
000000634217012023060299910
000000634217012023060299911
000000487517012023060299910
000000487517012023100099920
000000487517012023110199921
000000487517012023142399911
000000300917012023060499910
000000300917012023104199920
000000300917012023114399921
000000300917012023153999911
000000525117012023060699910
000000525117012023060799911
000000525117012023061399910
000000525117012023113099920
000000525117012023123299921
000000525117012023161099911
000000634217012023061699910
000000634217012023101799911
000000005717012023062699910
000000005717012023102099911
000000029017012023064599910
000000029017012023110099920
000000029017012023130099921
000000029017012023172099911
000000639117012023065699910
000000639117012023122099920
000000639117012023132799921
000000639117012023122099920
000000639117012023132799921
000000639117012023161199911
000000487417012023065799910
000000487417012023110099920
000000487417012023120399921
000000487417012023120399921
000000487417012023152399911
000000452817012023065799910
000000452817012023111699920
000000452817012023121999921
000000452817012023162299911
000000830917012023065799910
000000830917012023123599920
000000830917012023162899921
000000830917012023162899921
000000830917012023162999911
000000590917012023065799910
000000590917012023121999920
000000590917012023132299921
000000590917012023151299911
000000591317012023065899910
000000591317012023121899920
000000591317012023131999921
000000591317012023154699911
000000731517012023065899910
000000731517012023114999920
000000731517012023125299921
000000731517012023170799911
000000689217012023065999910
000000689217012023120399920
000000689217012023130399921
000000689217012023120399920
000000689217012023160099911
000000007417012023070099910
000000007417012023070099911
000000006717012023070099910
000000006717012023074099930
000000006717012023075999931
000000006717012023085099930
000000006717012023102399931
000000006717012023111499920
000000006717012023121499921
000000006717012023122099930
000000006717012023122699931
000000006717012023130799911
000000007917012023070099910
000000007917012023070099911
000000652417012023070099910
000000652417012023092299911
000000007017012023070099910
000000007017012023070099911
000000006517012023070199910
000000006517012023115299920
000000006517012023125399921
000000006517012023173399911
000000007817012023070199910
000000007817012023105999920
000000007817012023130199921
000000007817012023133499911
000000006817012023070399910
000000006817012023070399911
000000007517012023070399910
000000007517012023070399911
000000622217012023070399910
000000622217012023070399911
000000007717012023070399910
000000007717012023084599930
000000007717012023100699931
000000007717012023100699931
000000007717012023111999920
000000007717012023132199921
000000007717012023134699911
000000007217012023070799910
000000007217012023070799911
000000009117012023071399910
000000009117012023112799920
000000009117012023132999921
000000009117012023172799911
000000622217012023071399910
000000622217012023103099920
000000622217012023113599921
000000153317012023071699910
000000153317012023101899930
000000153317012023121699931
000000153317012023121999920
000000153317012023142499921
000000153317012023171699911
000000306817012023072099910
000000306817012023110599920
000000306817012023130599921
000000306817012023171499911
000000034517012023072599910
000000034517012023120599920
000000034517012023140599921
000000034517012023172599911
000000488717012023072899910
000000488717012023113399920
000000488717012023123499921
000000488717012023162999911
000000052817012023072999910
000000052817012023115599920
000000052817012023125999921
000000535117012023072999910
000000535117012023113899920
000000535117012023124499921
000000535117012023165599911
000000731717012023073099910
000000731717012023120199920
000000731717012023140199921
000000190517012023073499910
000000190517012023110899920
000000190517012023130799921
000000906317012023075199910
000000906317012023115099920
000000906317012023125299921
000000906317012023170199911
000000266417012023075199910
000000266417012023120499920
000000266417012023131599921
000000781217012023075199910
000000781217012023141499920
000000781217012023151699921
000000781217012023161199911
000000631817012023075599910
000000631817012023075599930
000000631817012023080999931
000000631817012023123799920
000000631817012023133799921
000000416217012023075599910
000000416217012023125299920
000000416217012023145499921
000000416217012023174299930
000000416217012023174299931
000000416217012023174599911
000000197417012023075599910
000000197417012023075599930
000000197417012023080999931
000000197417012023081199930
000000197417012023081399931
000000197417012023083299930
000000197417012023083999931
000000197417012023084099930
000000197417012023084999931
000000197417012023090399930
000000197417012023091199931
000000197417012023091799930
000000197417012023093299931
000000197417012023093799930
000000197417012023100199931
000000197417012023100799930
000000197417012023101599931
000000197417012023101699930
000000197417012023101899931
000000197417012023104499930
000000197417012023105399931
000000197417012023105399931
000000197417012023105799930
000000197417012023105999931
000000197417012023111599930
000000197417012023112899931
000000197417012023113199930
000000197417012023114499931
000000197417012023120599920
000000197417012023130699921
000000197417012023132099930
000000197417012023132399931
000000197417012023135899930
000000197417012023141299931
000000197417012023141599930
000000197417012023142699931
000000197417012023143899930
000000197417012023144899931
000000197417012023145999930
000000197417012023151099931
000000197417012023152299930
000000197417012023152599931
000000197417012023152699930
000000197417012023153299931
000000197417012023161299930
000000197417012023162299931
000000197417012023162299931
000000197417012023164299930
000000197417012023165299931
000000197417012023165499930
000000197417012023165999931
000000197417012023165999931
000000197417012023165999911
000000063817012023075799910
000000063817012023133399920
000000063817012023143499921
000000063817012023182799911
000000210617012023075899910
000000210617012023121999920
000000210617012023132099921
000000210617012023170599911
000000292617012023075999910
000000292617012023080399911
000000738217012023080099910
000000738217012023120799920
000000738217012023140999921
000000738217012023180099911
000000225417012023080099910
000000225417012023121899920
000000225417012023132599921
000000225417012023165899911
000000302617012023080199910
000000302617012023120799920
000000302617012023130899921
000000302617012023170199911
000000846617012023080299910
000000846617012023105899920
000000846617012023125199921
000000846617012023174199911
000000292117012023080599910
000000292117012023122799920
000000292117012023132999921
000000292117012023172099911
000000083617012023081799910
000000083617012023161499911
000000007617012023082699910
000000007617012023104599920
000000007617012023114699921
000000007617012023150399911
000000028717012023082999910
000000028717012023101099920
000000028717012023111299921
000000028717012023130699911
000000609917012023083099910
000000609917012023122199920
000000609917012023132399921
000000609917012023132399911
000000746717012023085099910
000000746717012023130699920
000000746717012023143599921
000000746717012023181199911
000000483217012023085999910
000000483217012023131799920
000000483217012023141899921
000000483217012023175899911
000000694017012023090299910
000000694017012023121099920
000000694017012023131699921
000000694017012023180899911
000000890117012023090999910
000000890117012023131999920
000000890117012023142099921
000000890117012023175999911
000000758317012023094499910
000000758317012023162499920
000000758317012023172899921
000000652417012023094999910
000000652417012023115699920
000000652417012023125999921
000000652417012023181899911
000000905917012023095799910
000000905917012023095799911
000000764117012023095899910
000000764117012023133099920
000000764117012023143399921
000000005717012023102499910
000000005717012023102499920
000000005717012023112699921
000000005717012023150299911
000000634217012023102499910
000000634217012023112199920
000000634217012023122899921
000000634217012023161999911
000000414417012023105599910
000000414417012023142199920
000000414417012023152399921
000000414417012023191599911
000000859017012023105599910
000000859017012023142399920
000000859017012023152499921
000000859017012023191599911
000000007417012023105799910
000000007417012023105799920
000000007417012023125899921
000000007417012023125899911
000000007017012023105799910
000000007017012023105899920
000000007017012023125899921
000000007017012023125899911
000000007917012023105899910
000000007917012023105899920
000000007917012023130099921
000000007917012023130099911
000000007517012023105899910
000000007517012023105899920
000000007517012023130199921
000000007517012023130199911
000000007217012023105999910
000000007217012023105999920
000000007217012023130399921
000000007217012023130399911
000000006817012023105999910
000000006817012023110099920
000000006817012023130299921
000000006817012023130299911
000000292617012023120099910
000000292617012023120099920
000000292617012023130199921
000000149417012023125899910
000000149417012023125999911
000000905917012023131799910
000000905917012023131799920
000000905917012023141899921
000000905917012023141899911
000000007017012023145999910
000000007017012023150099911
000000006717012023153399910
000000006717012023153399911
000000007517012023162799910
000000007517012023162799911
000000007417012023162899910
000000007417012023162899911
000000007817012023163199910
000000007817012023163199911
000000007917012023163299910
000000007917012023163299911
000000007217012023163299910
000000007217012023163299911
000000007717012023163399910
000000007717012023163399911
000000006817012023163399910
000000006817012023163399911
000000292617012023164899910
000000292617012023170899911
000000149417012023173399910
000000149417012023173399920
000000149417012023183499921
000000149417012023183499911
000000695217012023173499910
000000695217012023180499911
000000483217012023175799910
000000483217012023175899911
000000905917012023181599910
000000905917012023181699911
