000000027323012023052999901
000000027323012023061999905
000000027323012023085099906
000000027323012023091899905
000000027323012023112699906
000000027323012023112699903
000000027323012023123199904
000000027323012023123199905
000000027323012023153499906
000000027323012023160799905
000000034223012023054199901
000000034223012023070799905
000000034223012023121799906
000000034223012023121799903
000000034223012023131299904
000000034223012023131299905
000000006123012023055699901
000000006123012023082499905
000000006123012023083699906
000000006123012023091799905
000000006123012023095899906
000000006123012023102499905
000000006123012023103399906
000000006123012023111599905
000000006123012023112399906
000000006123012023121699905
000000006123012023123299906
000000006123012023125499905
000000006123012023125599906
000000006123012023125599903
000000006123012023141799904
000000006123012023141799905
000000006123012023145499906
000000006123012023151299905
000000006123012023152899906
000000006123012023153799905
000000006123012023155299906
000000006123012023172099905
000000006123012023172499906
000000006123012023192899902
000000006623012023061399901
000000006623012023072199905
000000006623012023111699906
000000006623012023125999903
000000006623012023144899904
000000006623012023144899905
000000006623012023153599906
000000006623012023153599905
000000006623012023173899906
000000006623012023185999902
000000047323012023061899901
000000047323012023083099905
000000047323012023112499906
000000047323012023115599903
000000047323012023131199904
000000047323012023144999905
000000047323012023151999906
000000047323012023151999902
000000005923012023062299901
000000005923012023062299905
000000005923012023072099906
000000005923012023085499905
000000005923012023120299906
000000005923012023120299903
000000005923012023132799904
000000005923012023132799905
000000005923012023145799906
000000005923012023173299902
000000009323012023062599901
000000009323012023074599905
000000009323012023083899906
000000009323012023091599905
000000009323012023102799906
000000009323012023105099905
000000009323012023121699906
000000009323012023121699903
000000009323012023131299904
000000009323012023131499905
000000009323012023142199906
000000009323012023145899905
000000009323012023160299906
000000009323012023164999905
000000009323012023170299906
000000009323012023170299902
000000042123012023062899901
000000042123012023072099905
000000042123012023110299906
000000042123012023110299903
000000042123012023121299904
000000042123012023121299905
000000042123012023170699906
000000042123012023171399905
000000042123012023185999906
000000042123012023191899905
000000042123012023193599906
000000042123012023194799902
000000044923012023063099901
000000044923012023081199905
000000044923012023092899906
000000044923012023100099905
000000044923012023105599906
000000044923012023111799905
000000044923012023121899906
000000044923012023130099903
000000044923012023144599904
000000044923012023144599905
000000044923012023144699906
000000044923012023151099905
000000044923012023173799906
000000044923012023195099905
000000044923012023203499902
000000024223012023065699901
000000024223012023065699905
000000024223012023105999906
000000024223012023110099903
000000024223012023122799904
000000024223012023122799905
000000024223012023160999906
000000024223012023162299902
000000006923012023070399901
000000006923012023072199905
000000006923012023090599906
000000006923012023091499905
000000006923012023111699906
000000006923012023111699903
000000006923012023123199904
000000006923012023123199905
000000006923012023135699906
000000006923012023140899905
000000006923012023142199906
000000006923012023145099905
000000006923012023155399906
000000006923012023163399902
000000036623012023071599901
000000036623012023073299905
000000036623012023085099906
000000036623012023085599905
000000036623012023123099906
000000036623012023123099903
000000036623012023134199904
000000036623012023134199905
000000036623012023154999906
000000036623012023160199905
000000036623012023162599906
000000036623012023162599902
000000033323012023071699901
000000033323012023090099905
000000033323012023122499906
000000033323012023122499902
