000000007324022023050199910
000000007324022023082199911
000000609924022023055599910
000000609924022023083099911
000000171124022023055799910
000000171124022023055999911
000000007824022023055799910
000000007824022023055799911
000000011024022023055899910
000000011024022023072199911
000000007024022023060099910
000000007024022023081799930
000000007024022023084599931
000000007024022023091999930
000000007024022023094999931
000000007024022023091999930
000000007024022023094999920
000000007024022023105199921
000000007024022023115099930
000000007024022023115099930
000000007024022023115099930
000000007024022023141299911
000000296424022023060099910
000000296424022023060199911
000000487524022023060199910
000000487524022023060199911
000000300924022023060199910
000000300924022023095999920
000000300924022023110599921
000000300924022023141899911
000000409724022023060299910
000000409724022023085699930
000000409724022023100199931
000000409724022023100199931
000000409724022023100199920
000000409724022023110799921
000000409724022023110799930
000000409724022023120699931
000000409724022023150599911
000000525124022023060599910
000000525124022023060599911
000000652424022023060699910
000000652424022023115299920
000000652424022023125499921
000000652424022023161299911
000000296424022023062199910
000000296424022023113499911
000000171124022023062499910
000000171124022023090099911
000000525124022023062799910
000000525124022023100099920
000000525124022023110699921
000000005724022023062999910
000000005724022023080399911
000000006624022023063099910
000000006624022023103499911
000000830924022023065599910
000000830924022023115799920
000000830924022023125899921
000000830924022023151799911
000000006724022023065599910
000000006724022023065599911
000000634124022023065599910
000000634124022023133199920
000000634124022023143199921
000000634124022023133199920
000000634124022023185399911
000000007424022023065599910
000000007424022023065599911
000000006524022023065599910
000000006524022023065699911
000000590924022023065699910
000000590924022023114599920
000000590924022023124699921
000000590924022023161899911
000000007924022023065699910
000000007924022023065699911
000000007524022023065699910
000000007524022023065699911
000000452824022023065899910
000000007624022023065999910
000000007624022023110099920
000000007624022023130099921
000000007624022023130099911
000000591324022023065999910
000000591324022023130399920
000000591324022023163699911
000000689224022023070099910
000000689224022023122499920
000000689224022023132499921
000000689224022023164299911
000000731524022023070199910
000000731524022023112899920
000000731524022023122999921
000000639124022023070299910
000000639124022023124099920
000000639124022023134499921
000000639124022023161199911
000000239524022023070599910
000000239524022023112899920
000000239524022023122999921
000000239524022023163199911
000000021724022023072799910
000000021724022023110199920
000000021724022023130199921
000000021724022023173099911
000000034524022023072899910
000000034524022023112799920
000000034524022023132799921
000000034524022023172899911
000000488724022023072899910
000000488724022023114299920
000000488724022023124399921
000000190524022023072899910
000000190524022023111099920
000000190524022023131599921
000000190524022023173899911
000000483224022023072899910
000000483224022023113399920
000000483224022023123499921
000000483224022023072899910
000000731724022023073399910
000000731724022023114799920
000000731724022023134899921
000000731724022023175099911
000000343224022023074299910
000000343224022023162799921
000000343224022023172399911
000000197424022023075099910
000000197424022023075199930
000000846624022023075199910
000000846624022023111299920
000000846624022023125599921
000000846624022023180699911
000000695224022023075599910
000000695224022023120299920
000000695224022023130399921
000000695224022023120299920
000000268924022023075599910
000000268924022023122099920
000000268924022023132299921
000000268924022023171799911
000000764124022023075599910
000000764124022023120699920
000000764124022023130799921
000000764124022023191099911
000000416224022023075699910
000000416224022023075699930
000000416224022023082699931
000000416224022023115799920
000000416224022023135899921
000000416224022023151799930
000000416224022023174299911
000000028724022023075699910
000000028724022023100799911
000000408924022023075799910
000000408924022023122299920
000000408924022023132299921
000000408924022023172599911
000000210624022023075899910
000000210624022023111999920
000000210624022023122099921
000000210624022023170099911
000000767524022023075899910
000000767524022023120499920
000000767524022023130599921
000000767524022023120499920
000000767524022023171099911
000000063824022023075899910
000000063824022023075899911
000000030624022023075899910
000000030624022023122899920
000000030624022023132999921
000000030624022023170499911
000000292624022023075999910
000000292624022023120499920
000000292624022023130699921
000000292624022023170099911
000000738224022023080099910
000000738224022023120899920
000000738224022023140999921
000000738224022023180099911
000000225424022023080099910
000000225424022023124999920
000000225424022023135199921
000000225424022023181999911
000000906324022023080099910
000000906324022023123799920
000000906324022023134499921
000000906324022023134499921
000000906324022023170899911
000000302624022023080199910
000000302624022023121099920
000000302624022023131199921
000000302624022023170099911
000000029024022023080599910
000000029024022023120599920
000000029024022023140599921
000000029024022023161299930
000000029024022023165299931
000000029024022023180099911
000000083624022023081699910
000000083624022023081699910
000000083624022023081699910
000000890124022023085399910
000000890124022023132599920
000000890124022023143099921
000000890124022023185099911
000000694024022023085999910
000000694024022023121299920
000000694024022023131899921
000000694024022023180399911
000000030624022023090999910
000000030624022023121399911
000000758324022023095599910
000000758324022023114299911
000000781224022023100099910
000000781224022023133199920
000000781224022023143199921
000000781224022023213599911
000000028724022023100899910
000000028724022023121799920
000000028724022023131999921
000000028724022023131999930
000000028724022023150399931
000000028724022023150399911
000000487524022023101599910
000000487524022023111899911
000000006624022023103699910
000000006624022023103699920
000000006624022023113799921
000000171124022023103999910
000000171124022023105599920
000000171124022023115699921
000000171124022023142099911
000000883724022023104399910
000000883724022023143099920
000000883724022023192299911
000000007424022023105799910
000000007424022023105799920
000000007424022023125799921
000000007424022023125799911
000000006524022023105899910
000000006524022023105899920
000000006524022023125999921
000000006524022023125999911
000000007824022023105999910
000000007824022023105999920
000000007824022023125999921
000000007824022023125999911
000000007924022023105999910
000000007924022023105999920
000000007924022023130099921
000000007924022023130099911
000000007524022023110099910
000000007524022023110099920
000000007524022023130199921
000000007524022023130199911
000000414424022023110099910
000000414424022023143199920
000000414424022023194299911
000000006724022023110199910
000000006724022023110199920
000000006724022023130199921
000000006724022023130199911
000000487524022023112399910
000000758324022023114299910
000000758324022023140899911
000000296424022023114599910
000000296424022023114599920
000000296424022023124899921
000000296424022023124899911
000000149424022023120199910
000000149424022023120299911
000000452824022023140199910
000000452824022023172399911
000000758324022023141599910
000000758324022023170199920
000000758324022023180299921
000000758324022023192999911
000000007024022023142899910
000000007024022023142899911
000000006524022023143399910
000000006524022023143399911
000000007824022023143599910
000000007824022023143599911
000000007424022023155899910
000000007424022023155899911
000000006724022023160199910
000000006724022023160199911
000000296424022023160799910
000000296424022023160799911
000000005724022023160799910
000000005724022023174699911
000000007624022023160999910
000000007624022023160999911
000000083624022023162899911
000000483224022023164799911
000000007924022023170199910
000000007924022023170199911
000000007524022023170799910
000000007524022023170799911
000000028724022023171599911
000000028724022023171599911
000000149424022023173699910
000000149424022023173699920
000000149424022023184199921
000000149424022023184199911
000000063824022023181299910
000000063824022023181299911
000000609924022023182099910
000000609924022023182199911
000000052824022023191399920
000000052824022023201599921
000000052824022023234999911
000000487524022023101699920
000000487524022023111899921
000000487524022023111899921
