000000149427012023160199911
000000028727012023043199910
000000028727012023071399911
000000007427012023045699910
000000007727012023045799910
000000007727012023074099911
000000006627012023052899910
000000006627012023122299920
000000006627012023132399921
000000006627012023161099911
000000483227012023055799910
000000483227012023081999911
000000171127012023060099910
000000171127012023100199920
000000171127012023110699921
000000171127012023151099911
000000500727012023060099910
000000500727012023103199920
000000500727012023113799921
000000500727012023141899911
000000409727012023060099910
000000409727012023060099911
000000007027012023060199910
000000007027012023081799930
000000007027012023090599931
000000007027012023093899930
000000007027012023094499931
000000007027012023094499920
000000007027012023105099921
000000007027012023114799930
000000007027012023123099931
000000007027012023141599911
000000487527012023060299910
000000487527012023113899920
000000487527012023124499921
000000487527012023154499911
000000300927012023060399910
000000300927012023100499920
000000300927012023111299921
000000300927012023142199911
000000634227012023060499910
000000634227012023090299911
000000525127012023060599910
000000525127012023060699911
000000409727012023061299910
000000409727012023095999920
000000409727012023110499921
000000409727012023110499911
000000005727012023062499910
000000005727012023110199920
000000005727012023130199921
000000005727012023130199911
000000006727012023062599910
000000006727012023062599930
000000006727012023063299931
000000006727012023101399920
000000006727012023111399921
000000006727012023111399911
000000006827012023062799910
000000006827012023101399920
000000006827012023111499921
000000006827012023111499911
000000639127012023065599910
000000639127012023122099920
000000639127012023132599921
000000639127012023122099920
000000639127012023160899911
000000487427012023065599910
000000487427012023110199920
000000487427012023120399921
000000487427012023152099911
000000830927012023065599910
000000830927012023065599911
000000591327012023065699910
000000591327012023130199920
000000591327012023140299921
000000591327012023151599911
000000006527012023065699910
000000006527012023065699911
000000007927012023065699910
000000007927012023065699911
000000007827012023065699910
000000007827012023065699911
000000007527012023065699910
000000007527012023065699911
000000731527012023065699910
000000731527012023120099920
000000731527012023130199921
000000731527012023172799911
000000590927012023065799910
000000590927012023065799911
000000007627012023065899910
000000007627012023110899920
000000007627012023130999921
000000452827012023065999910
000000452827012023110299920
000000452827012023120499921
000000266427012023070199910
000000266427012023122999920
000000266427012023134099921
000000266427012023171099911
000000689227012023070499910
000000689227012023122499920
000000689227012023132499921
000000689227012023155899911
000000153327012023071599910
000000153327012023105699920
000000153327012023125799921
000000153327012023171699911
000000622227012023071699910
000000622227012023115999920
000000622227012023130399921
000000622227012023150799911
000000306827012023072099910
000000306827012023112699920
000000306827012023132699921
000000009127012023072099910
000000009127012023105999920
000000009127012023130199921
000000009127012023172899911
000000830927012023072699910
000000830927012023120199920
000000830927012023130399921
000000830927012023171399911
000000488727012023072999910
000000488727012023113399920
000000488727012023123499921
000000034527012023072999910
000000535127012023073099910
000000535127012023113799920
000000535127012023124299921
000000535127012023163399911
000000190527012023073199910
000000190527012023114299920
000000190527012023134199921
000000731727012023073199910
000000731727012023110099920
000000731727012023130099921
000000007727012023074999910
000000007727012023112399920
000000007727012023122499921
000000007727012023153299911
000000063827012023075599910
000000063827012023125999920
000000063827012023140299921
000000063827012023180899911
000000416227012023075599910
000000416227012023075599930
000000416227012023083999931
000000416227012023115699920
000000416227012023135799921
000000416227012023143299930
000000416227012023145599931
000000416227012023174099911
000000631827012023075599910
000000631827012023075599930
000000631827012023081899931
000000631827012023103499930
000000631827012023115999931
000000631827012023120099920
000000631827012023130199921
000000631827012023130399930
000000631827012023134599931
000000631827012023142999930
000000631827012023152299931
000000631827012023160899930
000000631827012023165299931
000000197427012023075599910
000000197427012023075699930
000000197427012023080299931
000000197427012023081299930
000000197427012023082299931
000000197427012023082799930
000000197427012023083999931
000000197427012023084899930
000000197427012023085399931
000000197427012023085799930
000000197427012023091799931
000000197427012023091799931
000000030627012023075899910
000000030627012023120899920
000000030627012023131199921
000000030627012023165899911
000000210627012023075999910
000000210627012023121899920
000000210627012023131999921
000000210627012023170299911
000000292627012023075999910
000000292627012023082199911
000000225427012023080099910
000000225427012023120499920
000000225427012023130799921
000000225427012023170199911
000000302627012023080099910
000000302627012023120199920
000000302627012023130299921
000000302627012023170099911
000000846627012023080099910
000000846627012023120299920
000000846627012023135299921
000000738227012023080199910
000000738227012023120399920
000000738227012023140599921
000000738227012023184999911
000000906327012023080199910
000000906327012023120299920
000000906327012023130399921
000000906327012023170199911
000000083627012023080599910
000000083627012023165399911
000000029027012023080699910
000000029027012023123099920
000000029027012023143099921
000000029027012023180199911
000000292127012023080799910
000000292127012023124699920
000000292127012023134799921
000000292127012023171199911
000000028727012023082999910
000000028727012023083099920
000000028727012023093399921
000000028727012023122999930
000000028727012023130199931
000000028727012023133599911
000000483227012023083199910
000000483227012023111199920
000000483227012023121299921
000000483227012023145699911
000000746727012023085099910
000000746727012023131299920
000000746727012023144299921
000000746727012023181499911
000000609927012023085599910
000000609927012023085699911
000000905927012023085799910
000000905927012023085899911
000000890127012023085899910
000000890127012023130499920
000000890127012023140599921
000000890127012023165999911
000000052827012023090099910
000000052827012023125299920
000000052827012023135399921
000000694027012023090099910
000000694027012023121099920
000000694027012023131999921
000000694027012023180499911
000000781227012023091999910
000000781227012023120699920
000000781227012023130799921
000000781227012023200699911
000000634227012023092699910
000000634227012023103199920
000000634227012023113599921
000000758327012023095699910
000000758327012023143899920
000000758327012023153999921
000000758327012023171199911
000000609927012023095799910
000000609927012023142499920
000000525127012023102999910
000000525127012023102999920
000000525127012023113199921
000000525127012023164599911
000000859027012023105599910
000000859027012023143899920
000000859027012023154499921
000000859027012023191399911
000000764127012023105699910
000000764127012023144999920
000000764127012023155099921
000000006527012023105799910
000000006527012023105799920
000000006527012023125899921
000000006527012023125899911
000000007827012023105999910
000000007827012023105999920
000000414427012023105999910
000000414427012023152499920
000000414427012023162699921
000000414427012023203799911
000000007927012023110199910
000000007927012023110199920
000000007927012023130199921
000000007927012023130299911
000000007527012023110399910
000000007527012023130499921
000000007527012023130499911
000000409727012023111799910
000000409727012023155599911
000000006827012023111899910
000000006827012023152899911
000000590927012023114899910
000000590927012023114999920
000000590927012023125199921
000000590927012023153699911
000000149427012023125899910
000000149427012023125999911
000000007427012023132999911
000000007027012023142099910
000000007027012023142099911
000000006727012023152799910
000000006727012023152799911
000000007527012023162899910
000000005727012023162999910
000000005727012023162999911
000000006527012023163099910
000000007827012023163099910
000000007827012023163099911
000000007927012023163199910
000000007927012023163199911
000000609927012023165899910
000000149427012023180499910
000000149427012023180499920
000000149427012023190699921
000000149427012023190699911
000000292627012023184599910
000000292627012023184699911
000000149427012023195399910
000000149427012023195499911
