000000028710012023042999910
000000028710012023071199911
000000007710012023045999910
000000007710012023073699911
000000006610012023052799910
000000006610012023104099920
000000006610012023114199921
000000006610012023160999911
000000609910012023055699910
000000609910012023074799911
000000409710012023055899910
000000409710012023110499920
000000409710012023120699921
000000409710012023120699930
000000409710012023124999931
000000409710012023152699911
000000300910012023055999910
000000300910012023110399920
000000300910012023120599921
000000300910012023170599911
000000005710012023055999910
000000005710012023105799920
000000005710012023115999921
000000005710012023143099911
000000171110012023060099910
000000171110012023100299920
000000171110012023110399921
000000171110012023142399911
000000634210012023060099910
000000634210012023081699930
000000634210012023102999931
000000634210012023105699920
000000634210012023115899921
000000634210012023145099911
000000487510012023060199910
000000487510012023060199911
000000500710012023060499910
000000500710012023102099920
000000500710012023112199921
000000500710012023120399930
000000500710012023153799931
000000500710012023153799911
000000622210012023060899910
000000622210012023094999920
000000622210012023105399921
000000487510012023063899910
000000487510012023100499920
000000487510012023110599921
000000487510012023142599911
000000029010012023065099910
000000029010012023120099920
000000029010012023140099921
000000029010012023173099911
000000590910012023065599910
000000590910012023113799920
000000590910012023123899921
000000590910012023145299911
000000452810012023065699910
000000452810012023121499920
000000452810012023131799921
000000452810012023165699911
000000591310012023065699910
000000591310012023121799920
000000591310012023131899921
000000591310012023140199911
000000731510012023065699910
000000731510012023122699920
000000731510012023132899921
000000731510012023151799911
000000652410012023065699910
000000652410012023115599920
000000652410012023125799921
000000652410012023152299911
000000487410012023065799910
000000487410012023110099920
000000487410012023120299921
000000830910012023065799910
000000830910012023123099920
000000830910012023133299921
000000830910012023123099920
000000830910012023155199911
000000006510012023065799910
000000006510012023113799920
000000006510012023123899921
000000006510012023173799911
000000639110012023065899910
000000639110012023065899911
000000007410012023065899910
000000007410012023065899911
000000007510012023065899910
000000007510012023065899911
000000007910012023065899910
000000007910012023065899911
000000006710012023065899910
000000006710012023065899911
000000007010012023065999910
000000007010012023075499930
000000007010012023094099931
000000007010012023095499930
000000007010012023101299931
000000007010012023101299920
000000007010012023111399921
000000007010012023115899911
000000007810012023065999910
000000007810012023105899920
000000007810012023130099921
000000007810012023163399911
000000006810012023070199910
000000006810012023070199911
000000153310012023071699910
000000153310012023110099920
000000153310012023130199921
000000153310012023171599911
000000306810012023072099910
000000306810012023122499920
000000306810012023142499921
000000306810012023170099911
000000009110012023072099910
000000009110012023110099920
000000009110012023130099921
000000009110012023173199911
000000030610012023072199910
000000030610012023113099911
000000034510012023072599910
000000034510012023113299920
000000034510012023133299921
000000034510012023172599911
000000731710012023072899910
000000731710012023120099920
000000731710012023140199921
000000052810012023072899910
000000052810012023113899920
000000052810012023123999921
000000052810012023153499911
000000483210012023072899910
000000483210012023072999911
000000488710012023072899910
000000488710012023114499920
000000488710012023124699921
000000488710012023160699911
000000535110012023072999910
000000535110012023114799920
000000535110012023125299921
000000535110012023171399911
000000190510012023073099910
000000190510012023111199920
000000190510012023131099921
000000758310012023074299910
000000758310012023074299911
000000007710012023074399910
000000007710012023111699920
000000007710012023121799921
000000007710012023153499911
000000416210012023074599910
000000416210012023080999930
000000416210012023083299931
000000416210012023094499920
000000416210012023100099921
000000416210012023123699920
000000416210012023143799921
000000416210012023143999930
000000416210012023151399931
000000758310012023074699910
000000758310012023100899911
000000846610012023075199910
000000846610012023122399920
000000846610012023142299921
000000846610012023174399911
000000781210012023075299910
000000781210012023142199920
000000781210012023152199921
000000781210012023160599911
000000266410012023075299910
000000266410012023120499920
000000266410012023131599921
000000266410012023170399911
000000197410012023075599910
000000197410012023075599930
000000197410012023080699931
000000197410012023080799930
000000197410012023081899931
000000197410012023083199930
000000197410012023091199931
000000197410012023091199931
000000197410012023091199931
000000197410012023091199931
000000197410012023092499930
000000197410012023095399931
000000197410012023095799930
000000197410012023100199931
000000197410012023101099930
000000197410012023101699931
000000197410012023102599930
000000197410012023103399931
000000197410012023104099930
000000197410012023104599931
000000197410012023105099930
000000197410012023105899931
000000197410012023110999930
000000197410012023112599931
000000197410012023113299930
000000197410012023120099931
000000197410012023120099931
000000197410012023120099920
000000197410012023130399921
000000197410012023130499930
000000197410012023130799931
000000197410012023131399930
000000197410012023131699931
000000197410012023133399930
000000197410012023134099931
000000197410012023135699930
000000197410012023140099931
000000197410012023140199930
000000197410012023140699931
000000197410012023141499930
000000197410012023142299931
000000197410012023143499930
000000197410012023143799931
000000197410012023144899930
000000197410012023145599931
000000197410012023145599931
000000197410012023150799930
000000197410012023152099931
000000197410012023152499930
000000631810012023075699910
000000631810012023075699930
000000631810012023082799931
000000631810012023120099920
000000631810012023130199921
000000631810012023144599930
000000631810012023165799931
000000631810012023165799911
000000292610012023075799910
000000292610012023080299911
000000063810012023075799910
000000063810012023131699920
000000063810012023141799921
000000063810012023180799911
000000210610012023075999910
000000210610012023113299920
000000210610012023123399921
000000210610012023170099911
000000225410012023080099910
000000225410012023114499920
000000225410012023124799921
000000225410012023170199911
000000738210012023080099910
000000738210012023110099920
000000738210012023130199921
000000738210012023180099911
000000906310012023080099910
000000906310012023122599920
000000906310012023132699921
000000906310012023170099911
000000302610012023080199910
000000302610012023120799920
000000302610012023130899921
000000302610012023170199911
000000609910012023080299910
000000609910012023110899911
000000483210012023080399910
000000483210012023113499920
000000483210012023123599921
000000483210012023162799911
000000292110012023080799910
000000292110012023132099920
000000292110012023141199921
000000292110012023141199921
000000292110012023171099911
000000083610012023081299910
000000083610012023164699911
000000028710012023083199910
000000028710012023083199920
000000028710012023093599921
000000028710012023123899930
000000028710012023130899931
000000028710012023133899911
000000746710012023085099910
000000746710012023130599920
000000746710012023143499921
000000746710012023181599911
000000292610012023085299910
000000292610012023184199911
000000890110012023085599910
000000890110012023130199920
000000890110012023140299921
000000890110012023175799911
000000694010012023090099910
000000694010012023121499920
000000694010012023132199921
000000694010012023180399911
000000764110012023095599910
000000764110012023133599920
000000764110012023143899921
000000764110012023184899911
000000758310012023101699910
000000758310012023143999911
000000414410012023105599910
000000414410012023142399920
000000414410012023152399921
000000414410012023191599911
000000859010012023105699910
000000859010012023142799920
000000859010012023153399921
000000859010012023191899911
000000007410012023105799910
000000007410012023105799920
000000007410012023125899921
000000007410012023125899911
000000007910012023105899910
000000007910012023105899920
000000007910012023125999921
000000007910012023125999911
000000007510012023105999910
000000007510012023105999920
000000007510012023130099921
000000007510012023130099911
000000006710012023110099910
000000006710012023110099920
000000006710012023130099921
000000006710012023130099911
000000006810012023110099910
000000006810012023110099920
000000006810012023130199921
000000006810012023130199911
000000030610012023113399910
000000030610012023122599920
000000030610012023132699921
000000030610012023175299911
000000609910012023113499910
000000609910012023135299920
000000609910012023145499921
000000609910012023175599911
000000149410012023130099910
000000149410012023130099911
000000487510012023144599910
000000487510012023152799911
000000758310012023150799910
000000758310012023150999920
000000758310012023161099921
000000758310012023162399911
000000652410012023152599910
000000652410012023181899911
000000695210012023160699910
000000695210012023175099911
000000758310012023162499910
000000758310012023182899911
000000007410012023163099910
000000007410012023163099911
000000007010012023163099910
000000007010012023163199911
000000007510012023163299910
000000007510012023163299911
000000006810012023163399910
000000006810012023163399911
000000007910012023163599910
000000007910012023163599911
000000006710012023170599910
000000006710012023170599911
000000149410012023173299910
000000149410012023173299920
000000149410012023183499921
000000149410012023173299920
000000149410012023183499911
000000591310012023175099910
000000591310012023175199911
000000905910012023182399910
000000905910012023182399911
000000149410012023215599910
000000149410012023215599911
