000000007422052023050099910
000000007422052023105899920
000000007422052023115999921
000000007422052023133099911
000000007822052023055699910
000000007822052023072699911
000000487422052023060099910
000000487422052023100299920
000000487422052023110599921
000000487422052023145399911
000000171122052023060099910
000000171122052023100299920
000000171122052023110399921
000000171122052023154599911
000000296422052023060199910
000000296422052023105699920
000000296422052023120199921
000000296422052023160099911
000000525122052023060199910
000000525122052023110699920
000000525122052023120999921
000000525122052023162799911
000000007022052023060299910
000000007022052023060299911
000000300922052023060399910
000000300922052023100299920
000000300922052023110399921
000000300922052023110399921
000000300922052023142199911
000000409722052023060599910
000000409722052023074699930
000000409722052023100099931
000000409722052023100099931
000000409722052023100099931
000000409722052023100099920
000000409722052023110099921
000000409722052023141699911
000000622222052023060799910
000000622222052023103499911
000000652422052023060799910
000000652422052023101699920
000000652422052023111999921
000000652422052023142499911
000000487522052023061799910
000000487522052023100199920
000000487522052023110399921
000000487522052023135599911
000000634222052023062499910
000000634222052023062499911
000000006722052023062699910
000000006722052023062699911
000000006822052023062799910
000000006822052023103599911
000000007522052023065499910
000000007522052023065499911
000000758322052023065599910
000000758322052023122899940
000000758322052023133099941
000000758322052023161699911
000000006622052023065599910
000000006622052023065599911
000000830922052023065899910
000000830922052023115899920
000000830922052023130099921
000000830922052023152699911
000000689222052023065899910
000000689222052023074999911
000000007622052023065899910
000000007622052023065899911
000000007722052023065899910
000000007722052023113899920
000000007722052023134099921
000000007722052023141099911
000000005722052023065899910
000000005722052023110599920
000000005722052023130599921
000000005722052023110599920
000000005722052023130599911
000000083622052023070099910
000000083622052023070999930
000000083622052023110099931
000000083622052023110099931
000000083622052023110099931
000000239522052023070699910
000000239522052023112199920
000000239522052023122299921
000000239522052023162499911
000000591322052023070999910
000000591322052023121899920
000000591322052023131999921
000000591322052023153399911
000000500722052023071199910
000000500722052023081199911
000000029022052023071599910
000000029022052023113599920
000000029022052023133599921
000000029022052023180599911
000000153322052023071599910
000000153322052023135599920
000000153322052023155699921
000000153322052023182099911
000000452822052023071699910
000000452822052023113499920
000000452822052023123699921
000000452822052023150399911
000000306822052023072099910
000000306822052023113599920
000000306822052023133499921
000000306822052023170999911
000000034522052023072599910
000000034522052023111099920
000000034522052023131099921
000000034522052023172899911
000000190522052023072699910
000000190522052023112799920
000000190522052023132799921
000000190522052023112799920
000000190522052023173299911
000000268922052023072799910
000000268922052023115399920
000000268922052023125499921
000000268922052023163099911
000000488722052023072799910
000000488722052023113799920
000000488722052023123999921
000000052822052023072899910
000000052822052023115899920
000000052822052023125999921
000000052822052023173799911
000000021722052023072899910
000000021722052023110199920
000000021722052023130199921
000000021722052023173099911
000000535122052023072999910
000000535122052023113599920
000000535122052023123899921
000000535122052023163399911
000000731722052023072999910
000000731722052023120099920
000000731722052023140399921
000000731722052023173199911
000000126422052023073699910
000000126422052023073699930
000000126422052023081999931
000000126422052023120099920
000000126422052023130099921
000000126422052023132599930
000000126422052023140499931
000000126422052023155699930
000000126422052023162299931
000000126422052023163099911
000000689222052023074499910
000000689222052023120399920
000000689222052023130399921
000000689222052023120399920
000000689222052023141999911
000000846622052023075499910
000000846622052023112999920
000000846622052023133099921
000000846622052023174199911
000000631822052023075599910
000000631822052023090299930
000000631822052023105699931
000000631822052023120999920
000000631822052023131099921
000000631822052023134399930
000000631822052023164299931
000000631822052023165699911
000000416222052023075599910
000000416222052023075599930
000000416222052023085499931
000000416222052023120399920
000000416222052023140399921
000000416222052023174099911
000000028722052023075699910
000000028722052023075699930
000000028722052023121799931
000000028722052023121799920
000000028722052023131999921
000000028722052023132399930
000000028722052023151799931
000000028722052023155499930
000000028722052023170799931
000000028722052023170799911
000000299122052023075699910
000000299122052023120199920
000000299122052023130199921
000000299122052023164499911
000000408922052023075799910
000000408922052023113299920
000000408922052023123499921
000000210622052023075899910
000000210622052023124799920
000000210622052023134899921
000000210622052023170099911
000000695222052023075899910
000000292622052023075999910
000000292622052023121199920
000000292622052023131399921
000000292622052023171699911
000000736122052023080099910
000000736122052023114099920
000000736122052023124199921
000000736122052023170699911
000000906322052023080099910
000000906322052023130099920
000000906322052023140099921
000000906322052023170399911
000000225422052023080099910
000000225422052023115399920
000000225422052023125699921
000000225422052023165699911
000000767522052023080499910
000000767522052023120499920
000000767522052023183399911
000000742522052023080799910
000000742522052023130099920
000000742522052023140199921
000000742522052023175299911
000000030622052023080899910
000000030622052023080899911
000000500722052023080999910
000000500722052023112899920
000000500722052023122999921
000000500722052023122999930
000000500722052023130699931
000000500722052023122999930
000000500722052023151699911
000000063822052023081599910
000000063822052023123099920
000000063822052023133299921
000000063822052023175899911
000000617922052023084399910
000000617922052023124799920
000000617922052023152499921
000000617922052023173599911
000000746722052023085099910
000000746722052023135699920
000000746722052023153199921
000000746722052023181199911
000000609922052023085599910
000000609922052023085599911
000000694022052023090299910
000000694022052023121099920
000000694022052023131799921
000000694022052023180399911
000000890122052023090799910
000000890122052023123599920
000000890122052023133599921
000000890122052023165599911
000000006722052023104499910
000000006722052023111299920
000000006722052023121399921
000000006722052023121399930
000000006722052023121599931
000000006722052023125599930
000000006722052023130399931
000000006722052023130399931
000000006722052023153999930
000000006722052023155199931
000000006722052023155199911
000000622222052023104999910
000000622222052023125099920
000000622222052023135599921
000000634222052023105099910
000000634222052023105099920
000000634222052023115599921
000000634222052023144599911
000000905922052023105399910
000000905922052023140899920
000000905922052023150999921
000000905922052023201299911
000000883722052023105599910
000000883722052023143199920
000000883722052023153399921
000000883722052023143199920
000000414422052023105699910
000000414422052023150499911
000000007022052023105699910
000000007022052023105699920
000000007022052023125799921
000000007022052023125799911
000000007822052023110099910
000000007822052023110099920
000000007822052023120199921
000000007822052023120199911
000000007622052023110199910
000000007622052023110199920
000000007622052023130599921
000000007622052023130599911
000000011022052023110299910
000000011022052023110299920
000000011022052023120599921
000000011022052023143199911
000000007522052023110299910
000000007522052023110299920
000000007522052023130199921
000000007522052023130199921
000000007522052023130199911
000000006822052023111399910
000000006822052023111399920
000000006822052023121499921
000000006822052023111399920
000000006822052023121499911
000000609922052023113899910
000000609922052023130499920
000000609922052023140599921
000000609922052023174899911
000000006622052023115599910
000000006622052023115599920
000000006622052023125699921
000000006622052023125699911
000000030622052023121599910
000000030622052023121599920
000000030622052023131699921
000000149422052023125999910
000000149422052023130999911
000000689222052023143299910
000000007822052023143299910
000000007822052023143299911
000000634122052023150499910
000000634122052023162599920
000000634122052023172699921
000000634122052023162599920
000000634122052023172699921
000000634122052023205599911
000000007022052023151799910
000000007022052023151899911
000000006822052023155299910
000000006822052023155299911
000000006622052023155599910
000000006622052023155599911
000000083622052023160099910
000000083622052023170199911
000000007622052023162799910
000000007622052023162799911
000000005722052023164199910
000000007522052023164299910
000000007522052023164299911
000000007722052023164399910
000000007722052023164399911
000000030622052023170399910
000000030622052023170399911
000000149422052023180599910
000000149422052023180599920
000000149422052023191199921
000000149422052023191199911
000000149422052023204399910
000000149422052023204399911
