000000028725012023043899910
000000028725012023071599911
000000006525012023045699910
000000006525012023081599911
000000007625012023045699910
000000007625012023072899911
000000006625012023052899910
000000006625012023115499920
000000006625012023125599921
000000006625012023154399911
000000171125012023055599910
000000171125012023100299920
000000171125012023111099921
000000171125012023145799911
000000500725012023055799910
000000500725012023060099911
000000409725012023060099910
000000409725012023093799930
000000409725012023104399931
000000409725012023104399920
000000409725012023114699921
000000409725012023114699930
000000409725012023131499931
000000409725012023140399911
000000007025012023060199910
000000007025012023081799930
000000007025012023085299931
000000007025012023092899930
000000007025012023095299931
000000007025012023095299920
000000007025012023105599921
000000007025012023114999930
000000007025012023122099931
000000007025012023140099911
000000300925012023060199910
000000300925012023091199911
000000634225012023060899910
000000634225012023104499911
000000500725012023061299910
000000500725012023104399911
000000487525012023061499910
000000487525012023095999920
000000487525012023110299921
000000487525012023133799911
000000007825012023062299910
000000007825012023103699920
000000007825012023113899921
000000007825012023113899911
000000609925012023062799910
000000609925012023081799911
000000006725012023062899910
000000006725012023062899911
000000639125012023065599910
000000639125012023134899920
000000639125012023145299921
000000639125012023154999911
000000830925012023065599910
000000830925012023070199911
000000525125012023065599910
000000525125012023090399911
000000591325012023065599910
000000591325012023113999920
000000591325012023124199921
000000591325012023151599911
000000590925012023065599910
000000590925012023121999920
000000590925012023132099921
000000590925012023154899911
000000007425012023065699910
000000007425012023111399920
000000007425012023121499921
000000007425012023124299911
000000005725012023065699910
000000005725012023105699920
000000005725012023125699921
000000005725012023133899911
000000731525012023065799910
000000731525012023120299920
000000731525012023130399921
000000731525012023154699911
000000007925012023065799910
000000007925012023065799911
000000452825012023065799910
000000452825012023121799920
000000452825012023131899921
000000452825012023152099911
000000007225012023065799910
000000007225012023065799911
000000007525012023065899910
000000007525012023065899911
000000689225012023065899910
000000689225012023101699911
000000652425012023070299910
000000652425012023120699920
000000652425012023130799921
000000652425012023152399911
000000006825012023070499910
000000006825012023075599930
000000006825012023092799931
000000006825012023093499930
000000006825012023103599931
000000006825012023110399920
000000006825012023130499921
000000006825012023130799930
000000006825012023142899931
000000006825012023151199911
000000153325012023071699910
000000153325012023111999920
000000153325012023132099921
000000153325012023171199911
000000306825012023072099910
000000306825012023110099920
000000306825012023130099921
000000622225012023072199910
000000622225012023072199911
000000009125012023072299910
000000009125012023105999920
000000009125012023130099921
000000009125012023173099911
000000034525012023072799910
000000034525012023111099920
000000034525012023131099921
000000034525012023173499911
000000483225012023072899910
000000483225012023072899911
000000535125012023072899910
000000535125012023113799920
000000535125012023123999921
000000535125012023171199911
000000052825012023072999910
000000052825012023073199911
000000488725012023072999910
000000488725012023114199920
000000488725012023124299921
000000488725012023162999911
000000190525012023072999910
000000190525012023114099920
000000190525012023133299921
000000731725012023073599910
000000731725012023111099920
000000731725012023131099921
000000731725012023173099911
000000007625012023073799910
000000007625012023112799920
000000007625012023122899921
000000007625012023153899911
000000483225012023074999910
000000483225012023113299920
000000483225012023123499921
000000483225012023170999911
000000266425012023075199910
000000266425012023120899920
000000266425012023131999921
000000266425012023170299911
000000063825012023075599910
000000063825012023125399920
000000063825012023135499921
000000063825012023171199911
000000197425012023075599910
000000197425012023075599930
000000197425012023080199931
000000197425012023080499930
000000197425012023081699931
000000197425012023082099930
000000197425012023083199931
000000197425012023083199931
000000197425012023083199931
000000197425012023083199931
000000197425012023083699930
000000197425012023084299931
000000197425012023084699930
000000197425012023085299931
000000197425012023085599930
000000197425012023090599931
000000197425012023090899930
000000197425012023091499931
000000197425012023091899930
000000197425012023094299931
000000197425012023094299931
000000197425012023095499930
000000197425012023100099931
000000197425012023101799930
000000197425012023103799931
000000197425012023110199930
000000197425012023111099931
000000197425012023111099931
000000197425012023112699930
000000197425012023113099931
000000197425012023113799930
000000416225012023075699910
000000416225012023114899920
000000416225012023135099921
000000416225012023145899930
000000416225012023162999931
000000416225012023172299930
000000416225012023174499931
000000416225012023174499911
000000030625012023075699910
000000030625012023120799920
000000030625012023131099921
000000030625012023170099911
000000631825012023075699910
000000631825012023075699930
000000631825012023082399931
000000631825012023082399931
000000631825012023120199920
000000631825012023130399921
000000631825012023130399930
000000631825012023134499931
000000846625012023075799910
000000846625012023114199920
000000846625012023133599921
000000210625012023075999910
000000210625012023110099920
000000210625012023120299921
000000210625012023170099911
000000292625012023075999910
000000292625012023090599911
000000225425012023080099910
000000225425012023120099920
000000225425012023130199921
000000225425012023170199911
000000738225012023080099910
000000738225012023120199920
000000738225012023140199921
000000738225012023180099911
000000302625012023080099910
000000302625012023120099920
000000302625012023130399921
000000302625012023170099911
000000906325012023080199910
000000906325012023122699920
000000906325012023132899921
000000906325012023170099911
000000028725012023080499910
000000028725012023080899930
000000028725012023083299931
000000028725012023083299920
000000028725012023093499921
000000028725012023123099930
000000028725012023130299931
000000028725012023134199911
000000292125012023080699910
000000292125012023122499920
000000292125012023132699921
000000292125012023175899911
000000830925012023081299910
000000830925012023114299911
000000029025012023081299910
000000029025012023122399920
000000029025012023142399921
000000029025012023181599911
000000052825012023082999910
000000052825012023121599920
000000052825012023131699921
000000746725012023085099910
000000746725012023113199930
000000746725012023122799931
000000746725012023131299920
000000746725012023144399921
000000746725012023181299911
000000890125012023085599910
000000890125012023140499920
000000890125012023151099921
000000890125012023182799911
000000905925012023085899910
000000905925012023085899911
000000694025012023090099910
000000694025012023122699920
000000694025012023133199921
000000694025012023180499911
000000525125012023090699910
000000525125012023112399920
000000525125012023122599921
000000525125012023151899911
000000622225012023092799910
000000622225012023122199920
000000622225012023132399921
000000622225012023151699911
000000781225012023094599910
000000781225012023122499920
000000781225012023132599921
000000781225012023201499911
000000006725012023103799910
000000006725012023103799920
000000006725012023113999921
000000006725012023113999911
000000634225012023104799910
000000634225012023104799920
000000634225012023114999921
000000634225012023162399911
000000500725012023104799910
000000500725012023104799920
000000500725012023115099921
000000500725012023163799911
000000859025012023105599910
000000859025012023150399920
000000859025012023160799921
000000859025012023192599911
000000764125012023105699910
000000764125012023140499920
000000764125012023150699921
000000764125012023195199911
000000414425012023105699910
000000414425012023141699920
000000414425012023151799921
000000414425012023191199911
000000007925012023105799910
000000007925012023105799920
000000007925012023130099921
000000007925012023130099911
000000007225012023105899910
000000007225012023105899920
000000007225012023130099921
000000007225012023130099911
000000007525012023105999910
000000007525012023105999920
000000007525012023130299921
000000007525012023130299911
000000007725012023110099910
000000007725012023110099920
000000007725012023130299921
000000007725012023130299911
000000007825012023114099910
000000006725012023114699910
000000006725012023151799930
000000006725012023152099931
000000006725012023152099911
000000758325012023115899910
000000758325012023173599920
000000758325012023183699921
000000758325012023205599911
000000689225012023120599910
000000689225012023120599920
000000689225012023130899921
000000689225012023133599911
000000830925012023120799910
000000830925012023120799920
000000830925012023130899921
000000830925012023130899911
000000292625012023121899910
000000292625012023121899920
000000292625012023131999921
000000292625012023131999911
000000149425012023130899910
000000149425012023130999911
000000905925012023134799910
000000905925012023134799920
000000905925012023145099921
000000905925012023145099911
000000007025012023143099910
000000007025012023143099911
000000609925012023151599910
000000609925012023153099911
000000830925012023151799910
000000830925012023151799910
000000830925012023151799911
000000007425012023152899910
000000007425012023152899911
000000689225012023161499910
000000689225012023161499911
000000007525012023162699910
000000007525012023162699911
000000006825012023163099910
000000006825012023163099911
000000007925012023163199910
000000007925012023163199911
000000005725012023163599910
000000005725012023163599911
000000007225012023163699910
000000007225012023163699911
000000292625012023182399910
000000292625012023182499911
000000149425012023184399911
000000905925012023192599910
000000905925012023192699911
000000300925012023104499920
000000300925012023114599921
