000000028701032023043099910
000000028701032023071599911
000000006701032023050099910
000000006701032023052599930
000000006701032023053699931
000000006701032023072299930
000000006701032023080799931
000000006701032023092399930
000000006701032023110099931
000000006701032023110099931
000000006701032023111099920
000000006701032023121099921
000000006701032023125199930
000000006701032023125799931
000000006701032023133299911
000000007801032023050299910
000000007801032023073199911
000000007301032023050299910
000000007301032023080699911
000000006601032023055599910
000000006601032023055699911
000000609901032023055699910
000000609901032023100099920
000000609901032023110299921
000000609901032023110299911
000000007001032023055899910
000000007001032023095499920
000000007001032023105599921
000000007001032023142999911
000000171101032023055899910
000000171101032023100299920
000000171101032023110399921
000000171101032023152399911
000000296401032023060099910
000000296401032023100299920
000000296401032023110399921
000000296401032023160899911
000000652401032023060099910
000000652401032023110099920
000000652401032023120299921
000000652401032023151399911
000000525101032023060099910
000000525101032023123099920
000000525101032023133399921
000000525101032023154399911
000000409701032023060299910
000000409701032023084699930
000000409701032023100199931
000000409701032023100199931
000000409701032023100199920
000000409701032023110299921
000000409701032023110299911
000000300901032023060299910
000000300901032023100699920
000000300901032023110899921
000000300901032023142199911
000000487501032023060499910
000000487501032023113099920
000000487501032023123199921
000000487501032023123499911
000000005701032023062799910
000000005701032023080699911
000000452801032023065299910
000000452801032023110199911
000000634101032023065599910
000000634101032023075599911
000000591301032023065599910
000000591301032023120899920
000000591301032023130999921
000000591301032023151599911
000000830901032023065599910
000000830901032023115499920
000000830901032023125799921
000000830901032023154699911
000000487401032023065699910
000000590901032023065699910
000000590901032023121699920
000000590901032023131899921
000000590901032023154799911
000000731501032023065799910
000000731501032023112499920
000000731501032023122899921
000000731501032023152299911
000000007901032023065799910
000000007901032023065799911
000000210601032023065799910
000000210601032023113399920
000000210601032023123499921
000000006501032023065799910
000000006501032023065799911
000000007501032023065899910
000000007501032023065899911
000000006801032023065999910
000000006801032023065999911
000000007601032023065999910
000000007601032023112299920
000000007601032023132399921
000000007601032023132399911
000000239501032023070099910
000000239501032023113999920
000000239501032023124099921
000000239501032023155999911
000000639101032023070099910
000000639101032023123699920
000000639101032023134199921
000000639101032023151299911
000000083601032023070999910
000000083601032023070999930
000000083601032023090699931
000000083601032023121199920
000000083601032023141699921
000000083601032023121199920
000000083601032023121199920
000000083601032023181699911
000000034501032023072699910
000000034501032023115699920
000000034501032023135699921
000000021701032023072799910
000000021701032023110199920
000000021701032023130199921
000000021701032023173099911
000000488701032023072999910
000000488701032023113099920
000000488701032023123199921
000000488701032023162999911
000000483201032023072999910
000000483201032023113299920
000000483201032023123499921
000000190501032023072999910
000000190501032023110299920
000000190501032023130399921
000000052801032023073099910
000000052801032023114899920
000000052801032023124999921
000000052801032023173699911
000000731701032023073299910
000000731701032023120099920
000000731701032023140199921
000000007801032023074399910
000000007801032023110099920
000000007801032023120199921
000000007801032023153099911
000000343201032023074799910
000000343201032023132999920
000000343201032023174499921
000000343201032023174499911
000000028701032023075199910
000000028701032023083499920
000000028701032023093699921
000000634101032023075599910
000000634101032023115799920
000000634101032023125899921
000000634101032023151799911
000000695201032023075599910
000000695201032023120099920
000000695201032023130199921
000000695201032023170999911
000000846601032023075699910
000000268901032023075699910
000000268901032023120299920
000000268901032023130699921
000000268901032023171199911
000000408901032023075899910
000000408901032023114699920
000000408901032023124799921
000000764101032023075899910
000000764101032023120099920
000000764101032023130199921
000000764101032023173899911
000000292601032023080099910
000000292601032023080099911
000000302601032023080099910
000000302601032023121099920
000000302601032023131299921
000000302601032023171399911
000000906301032023080099910
000000906301032023134999921
000000906301032023173199911
000000738201032023080199910
000000738201032023112899920
000000738201032023132999921
000000738201032023181699911
000000689201032023080199910
000000689201032023133799920
000000689201032023144899921
000000689201032023161499911
000000030601032023080299910
000000030601032023120399920
000000030601032023130499921
000000030601032023170399911
000000225401032023080299910
000000225401032023115099920
000000225401032023125299921
000000225401032023170199911
000000767501032023080699910
000000767501032023120399920
000000767501032023130499921
000000767501032023170199911
000000029001032023080699910
000000029001032023121699920
000000029001032023141699921
000000029001032023180099911
000000890101032023085199910
000000890101032023150699920
000000890101032023160699921
000000890101032023175699911
000000746701032023085899910
000000746701032023130699920
000000746701032023143599921
000000746701032023181299911
000000694001032023090099910
000000694001032023121199920
000000694001032023131799921
000000694001032023180599911
000000781201032023095799910
000000781201032023132999920
000000781201032023142899921
000000781201032023202399911
000000758301032023095999910
000000758301032023145199911
000000006501032023105499910
000000006501032023105499920
000000006501032023125599921
000000006501032023125599911
000000859001032023105699910
000000859001032023143399920
000000859001032023153599921
000000859001032023191799911
000000883701032023105699910
000000883701032023135799920
000000883701032023145899921
000000883701032023191799911
000000006601032023105999910
000000006601032023105999920
000000006601032023125999921
000000006601032023130099911
000000011001032023110099910
000000011001032023110099920
000000011001032023120299921
000000006801032023110099910
000000006801032023110099920
000000006801032023130199921
000000006801032023130199911
000000007501032023110199910
000000007501032023110299920
000000007501032023130199921
000000007501032023130199911
000000414401032023112699910
000000414401032023140399920
000000414401032023150699921
000000414401032023193899911
000000452801032023113999910
000000452801032023115199920
000000452801032023125299921
000000452801032023170899911
000000292601032023120199910
000000292601032023120199920
000000292601032023130299921
000000292601032023130299911
000000149401032023120199910
000000149401032023120299911
000000487401032023121899910
000000487401032023121999910
000000487401032023122099920
000000609901032023142799910
000000609901032023152799911
000000758301032023150299910
000000758301032023195099911
000000005701032023155299910
000000487501032023155299910
000000487501032023155299911
000000006501032023165699910
000000006501032023165699911
000000292601032023173899910
000000292601032023173899911
000000149401032023183899910
000000149401032023183899920
000000149401032023194099921
000000149401032023194099911
000000905901032023213199910
000000905901032023213199911
000000149401032023214399910
000000149401032023214499911
