000000028714022023042799911
000000028714022023042799910
000000028714022023071499911
000000006514022023050099910
000000006514022023074199911
000000007314022023050099910
000000007814022023055399910
000000007814022023072899911
000000488714022023055599910
000000488714022023075299911
000000011014022023055699910
000000011014022023072899911
000000409714022023055799910
000000409714022023055799911
000000171114022023055799910
000000171114022023100199920
000000171114022023110499921
000000171114022023142599911
000000830914022023055999910
000000830914022023055999911
000000300914022023055999910
000000300914022023055999911
000000487414022023055999910
000000487414022023065699911
000000296414022023060299910
000000296414022023101199920
000000296414022023111299921
000000296414022023152199911
000000487514022023060399910
000000487514022023100299920
000000487514022023110599921
000000487514022023145999911
000000005714022023062999910
000000005714022023080699911
000000029014022023065199910
000000029014022023131199920
000000029014022023151199921
000000029014022023174099911
000000487414022023065199910
000000487414022023100499920
000000487414022023110699921
000000487414022023174099911
000000830914022023065499910
000000634114022023065599910
000000634114022023115999920
000000634114022023130099921
000000634114022023161799911
000000639114022023065599910
000000639114022023065599911
000000590914022023065599910
000000590914022023123199920
000000590914022023133599921
000000590914022023160899911
000000525114022023065699910
000000525114022023121399920
000000525114022023131799921
000000525114022023170299911
000000591314022023065699910
000000591314022023124399920
000000591314022023134599921
000000591314022023153999911
000000007414022023065799910
000000007414022023065799911
000000652414022023065899910
000000652414022023130099920
000000652414022023140199921
000000652414022023153199911
000000006714022023065899910
000000006714022023065899911
000000007014022023065899910
000000007014022023065899911
000000689214022023065899910
000000689214022023065899911
000000007914022023065999910
000000007914022023065999911
000000409714022023065999910
000000409714022023110699930
000000409714022023112899931
000000409714022023112999920
000000409714022023122999921
000000409714022023122999930
000000409714022023142199931
000000409714022023175599911
000000006614022023070099910
000000006614022023110099920
000000006614022023130499921
000000006614022023130499921
000000006614022023164699911
000000007514022023070099910
000000007514022023070099911
000000006814022023070199910
000000006814022023070199911
000000731514022023070299910
000000731514022023123599920
000000731514022023133899921
000000731514022023153299911
000000452814022023070399910
000000452814022023070399911
000000007614022023070399910
000000007614022023115499920
000000007614022023125799921
000000007614022023070399910
000000239514022023070399910
000000239514022023110199920
000000239514022023120399921
000000239514022023155599911
000000452814022023070799910
000000452814022023122699911
000000343214022023071899910
000000343214022023132899920
000000343214022023152899921
000000343214022023174999911
000000731714022023072099910
000000731714022023110999920
000000731714022023130999921
000000731714022023172099911
000000034514022023072599910
000000034514022023112599920
000000034514022023132599921
000000034514022023172699911
000000190514022023072799910
000000190514022023111299920
000000190514022023131499921
000000190514022023173099911
000000021714022023072999910
000000021714022023113099920
000000021714022023133099921
000000021714022023174599911
000000052814022023073099910
000000052814022023120199920
000000052814022023130499921
000000052814022023164699911
000000011014022023073199910
000000011014022023110099920
000000011014022023120199921
000000011014022023162199911
000000483214022023073199910
000000483214022023073199911
000000007814022023073199910
000000007814022023090099911
000000483214022023074799910
000000483214022023113399920
000000483214022023123499921
000000483214022023174199911
000000006514022023074999910
000000006514022023113599920
000000006514022023123699921
000000006514022023154099911
000000416214022023075299910
000000416214022023075299930
000000416214022023080599931
000000416214022023121799920
000000416214022023141999921
000000416214022023144899930
000000416214022023174699931
000000416214022023180999911
000000609914022023075599910
000000609914022023120299911
000000268914022023075699910
000000268914022023120099920
000000268914022023130199921
000000268914022023172499911
000000781214022023075799910
000000781214022023130599920
000000781214022023140799921
000000781214022023160599911
000000408914022023075899910
000000408914022023115499920
000000408914022023125699921
000000408914022023170199911
000000210614022023075899910
000000210614022023114999920
000000210614022023125199921
000000210614022023170299911
000000225414022023075999910
000000225414022023120799920
000000225414022023130999921
000000225414022023170199911
000000488714022023080099910
000000488714022023113699920
000000488714022023123799921
000000488714022023162899911
000000302614022023080099910
000000302614022023120099920
000000302614022023130199921
000000302614022023170099911
000000030614022023080099910
000000030614022023172599911
000000028714022023080099910
000000028714022023080099930
000000028714022023083099931
000000028714022023083099920
000000028714022023093399921
000000028714022023123999930
000000028714022023134099911
000000738214022023080099910
000000738214022023131999920
000000738214022023152199921
000000738214022023180199911
000000695214022023080199910
000000695214022023121899920
000000695214022023131999921
000000695214022023131999921
000000695214022023163999911
000000292614022023080199910
000000292614022023080599911
000000197414022023080199910
000000197414022023080199930
000000197414022023081199931
000000197414022023083599930
000000197414022023084599931
000000197414022023084599931
000000197414022023085699930
000000197414022023090099931
000000197414022023090499930
000000197414022023091599931
000000197414022023091899930
000000197414022023093399931
000000197414022023093799930
000000197414022023095399931
000000197414022023095999930
000000197414022023100999931
000000197414022023101399930
000000197414022023102399931
000000197414022023103699930
000000197414022023104599931
000000197414022023105799930
000000197414022023113999931
000000197414022023111499930
000000197414022023111599931
000000197414022023112499930
000000197414022023113999931
000000197414022023115199930
000000197414022023115999931
000000197414022023120099920
000000197414022023130199921
000000197414022023130899930
000000197414022023131399931
000000197414022023132599930
000000197414022023133299931
000000197414022023135899930
000000197414022023140699931
000000197414022023140699931
000000197414022023143699930
000000197414022023145699931
000000197414022023145699931
000000197414022023151599930
000000197414022023152999931
000000197414022023153499930
000000197414022023153999931
000000906314022023080199910
000000906314022023131199920
000000906314022023141399921
000000906314022023162799911
000000846614022023080199910
000000846614022023113999920
000000846614022023133899921
000000846614022023175099911
000000767514022023080299910
000000767514022023125399920
000000767514022023135699921
000000767514022023170099911
000000063814022023081399910
000000063814022023081399911
000000639114022023081599910
000000639114022023131599920
000000639114022023141699921
000000639114022023182999911
000000083614022023082199910
000000083614022023161999911
000000030614022023082199910
000000030614022023094699911
000000764114022023082299910
000000764114022023120599920
000000764114022023130699921
000000764114022023202299911
000000746714022023085099910
000000746714022023113999920
000000746714022023131099921
000000746714022023181299911
000000890114022023085799910
000000890114022023131799920
000000890114022023142099921
000000890114022023175799911
000000694014022023090499910
000000694014022023120899920
000000694014022023131499921
000000694014022023181399911
000000292614022023093699910
000000292614022023094699911
000000689214022023094799910
000000689214022023124799920
000000689214022023134799921
000000689214022023170399911
000000030614022023094899910
000000030614022023125799920
000000030614022023135899921
000000030614022023144299911
000000300914022023094999910
000000300914022023105599920
000000300914022023115799921
000000300914022023164799911
000000758314022023095599910
000000758314022023095599911
000000414414022023105699910
000000414414022023142299920
000000414414022023152499921
000000414414022023190899911
000000905914022023105699910
000000905914022023105799911
000000007414022023105899910
000000007414022023105899920
000000007414022023125899921
000000007414022023125899911
000000007914022023105899910
000000007914022023105899920
000000007914022023130299921
000000007914022023130299911
000000007014022023105899910
000000007014022023105899920
000000007014022023131099921
000000007014022023105899920
000000007014022023131099911
000000859014022023105999910
000000859014022023141999920
000000859014022023151999921
000000859014022023192899911
000000006714022023110099910
000000006714022023110099920
000000006714022023130099921
000000006714022023130099911
000000006814022023110099910
000000006814022023110099920
000000006814022023130299921
000000006814022023130399911
000000883714022023110099910
000000883714022023135999920
000000883714022023150099921
000000883714022023192499911
000000007514022023111899910
000000007514022023111899920
000000007514022023122199921
000000007514022023122199911
000000292614022023115899910
000000292614022023120099920
000000292614022023130399921
000000292614022023130399911
000000758314022023120199910
000000758314022023171799920
000000758314022023181899921
000000758314022023200699911
000000609914022023121399910
000000609914022023121399920
000000609914022023131499921
000000609914022023131599911
000000452814022023124499910
000000452814022023124499920
000000452814022023134899921
000000452814022023162399911
000000149414022023130499910
000000149414022023130699911
000000487514022023150699910
000000487514022023175199911
000000830914022023150799910
000000830914022023191399911
000000007514022023153099910
000000007514022023153099911
000000292614022023153399910
000000292614022023180099911
000000005714022023155899910
000000005714022023173699911
000000609914022023163999910
000000609914022023163999910
000000609914022023170099911
000000007414022023164399910
000000007414022023164399911
000000007914022023164599910
000000007914022023164699911
000000007014022023165099910
000000007014022023165099911
000000006714022023165399910
000000006714022023165399911
000000006814022023165799910
000000006814022023165799911
000000695214022023165899910
000000695214022023175699911
000000030614022023172599910
000000030614022023172599911
000000007614022023175799911
000000149414022023175899910
000000149414022023175899920
000000149414022023190099921
000000149414022023190099911
000000063814022023181299910
000000063814022023181299911
000000905914022023201199910
000000905914022023201199911
000000149414022023214499910
000000149414022023214599911
