000000758320042023165299911
000000007420042023050099910
000000007420042023104199920
000000007420042023114199921
000000007420042023132899911
000000006620042023052799910
000000006620042023100099920
000000006620042023110099921
000000006620042023153699911
000000609920042023055599910
000000634120042023055599910
000000634120042023055699911
000000525120042023055699910
000000525120042023055799911
000000171120042023055699910
000000171120042023055799911
000000652420042023055699910
000000652420042023122299920
000000652420042023132399921
000000652420042023170199911
000000487420042023055799910
000000487420042023101899920
000000487420042023112199921
000000487420042023162099911
000000409720042023055899910
000000409720042023082699930
000000409720042023102499931
000000409720042023105099920
000000409720042023115299921
000000409720042023115299930
000000409720042023131199931
000000409720042023183199911
000000296420042023060099910
000000296420042023060099911
000000005720042023060399910
000000005720042023111099920
000000005720042023122399921
000000005720042023122399920
000000005720042023122399921
000000487520042023060499910
000000487520042023105999920
000000487520042023120199921
000000487520042023154899911
000000634220042023060499910
000000634220042023101599920
000000634220042023111899921
000000634220042023111899930
000000634220042023123099931
000000634220042023163499911
000000622220042023061099910
000000622220042023103899920
000000622220042023114599921
000000622220042023145199911
000000525120042023061099910
000000525120042023111999920
000000525120042023122199921
000000525120042023154799911
000000171120042023061199910
000000171120042023100099920
000000171120042023110399921
000000296420042023061499910
000000296420042023101699920
000000296420042023111799921
000000083620042023065599910
000000083620042023070099930
000000083620042023120199931
000000083620042023120199920
000000083620042023140299921
000000083620042023170299911
000000306820042023065599910
000000306820042023110099920
000000306820042023130099921
000000306820042023175099911
000000590920042023065699910
000000590920042023122499920
000000590920042023132599921
000000590920042023162599911
000000591320042023065799910
000000591320042023123399940
000000591320042023133599941
000000591320042023153899911
000000007920042023065799910
000000007920042023065799911
000000006720042023065799910
000000006720042023065799911
000000007820042023065799910
000000007820042023065799911
000000007020042023065799910
000000007020042023084299930
000000007020042023095599931
000000007020042023114599911
000000007520042023065799910
000000007520042023065899911
000000299120042023065899910
000000299120042023110399920
000000299120042023120699921
000000299120042023161699911
000000830920042023065899910
000000830920042023121699920
000000830920042023131799921
000000830920042023161199911
000000006520042023065899910
000000006520042023065899911
000000689220042023065999910
000000689220042023113599920
000000689220042023123599921
000000689220042023151999911
000000639120042023070099910
000000639120042023120099920
000000639120042023160999911
000000239520042023070199910
000000239520042023110799920
000000239520042023120799921
000000239520042023162799911
000000007720042023070199910
000000007720042023070199911
000000006820042023070599910
000000006820042023070599911
000000452820042023071199910
000000452820042023112099920
000000452820042023122299921
000000452820042023125899911
000000153320042023071599910
000000153320042023120299920
000000153320042023140299921
000000153320042023175999911
000000034520042023072599910
000000034520042023110499920
000000034520042023130499921
000000034520042023172599911
000000190520042023072599910
000000190520042023110699920
000000190520042023130699921
000000190520042023173399911
000000021720042023072699910
000000021720042023110099920
000000021720042023130099921
000000021720042023173099911
000000488720042023072799910
000000488720042023114299920
000000488720042023124299921
000000488720042023162899911
000000052820042023072899910
000000052820042023113799920
000000052820042023124099921
000000052820042023163099911
000000268920042023072899910
000000268920042023115099920
000000268920042023125299921
000000268920042023163999911
000000483220042023072999910
000000483220042023113999920
000000483220042023123999921
000000483220042023163299911
000000731720042023073099910
000000731720042023110299920
000000731720042023130799921
000000731720042023173499911
000000266420042023075199910
000000266420042023120499920
000000266420042023131599921
000000266420042023170099911
000000416220042023075599910
000000416220042023084799930
000000416220042023093499931
000000416220042023120499920
000000416220042023130599921
000000416220042023165899911
000000631820042023075599910
000000631820042023075599930
000000631820042023080899931
000000631820042023125999920
000000631820042023140099921
000000631820042023181799911
000000197420042023075599910
000000197420042023075599930
000000197420042023091399931
000000197420042023094399930
000000197420042023104599931
000000197420042023111599930
000000197420042023120099931
000000197420042023120099920
000000197420042023130199921
000000197420042023130199930
000000197420042023152399931
000000197420042023152399931
000000197420042023153499930
000000197420042023162499931
000000197420042023163799930
000000197420042023165699931
000000197420042023165699911
000000906320042023075999910
000000906320042023130399920
000000906320042023140499921
000000906320042023170199911
000000695220042023075999910
000000408920042023075999910
000000408920042023115899920
000000408920042023130099921
000000210620042023075999910
000000210620042023121799920
000000210620042023131999921
000000210620042023170199911
000000736120042023080099910
000000736120042023124899920
000000736120042023134999921
000000736120042023170099911
000000302620042023080099910
000000302620042023120299920
000000302620042023130399921
000000302620042023170099911
000000846620042023080099910
000000846620042023120799920
000000846620042023141099921
000000846620042023173799911
000000738220042023080099910
000000738220042023113099920
000000738220042023133199921
000000738220042023181099911
000000292620042023080199910
000000292620042023115899920
000000292620042023130099921
000000292620042023174599911
000000030620042023080199910
000000030620042023080299911
000000767520042023080599910
000000767520042023123999920
000000767520042023134399921
000000767520042023175699911
000000292120042023080599910
000000292120042023110099920
000000292120042023120199921
000000292120042023170699911
000000007320042023080599911
000000007320042023080599911
000000063820042023080899910
000000063820042023124299920
000000063820042023134699921
000000063820042023173799911
000000742520042023081099910
000000742520042023114799920
000000742520042023124899921
000000742520042023172499911
000000617920042023082399910
000000617920042023121799920
000000617920042023150099921
000000617920042023165599911
000000030620042023083599910
000000030620042023120099920
000000030620042023130199921
000000030620042023161899911
000000343220042023083799910
000000343220042023120599920
000000343220042023141299921
000000343220042023175499911
000000746720042023085199910
000000746720042023090499930
000000746720042023110999931
000000746720042023113699920
000000746720042023130399921
000000746720042023181199911
000000694020042023090599910
000000694020042023120999920
000000694020042023131599921
000000694020042023180499911
000000634120042023095199910
000000634120042023095199920
000000634120042023105299921
000000634120042023141599911
000000609920042023100299910
000000609920042023124799920
000000609920042023134999921
000000609920042023165299911
000000500720042023100999910
000000500720042023103999930
000000500720042023133099931
000000500720042023140399911
000000006520042023105399910
000000006520042023105499920
000000006520042023125599921
000000006520042023125599911
000000764120042023105599910
000000764120042023150499921
000000764120042023210099911
000000414420042023105599910
000000414420042023142199920
000000414420042023152299921
000000414420042023195499911
000000883720042023105699910
000000883720042023144299920
000000883720042023154399921
000000883720042023192499911
000000007920042023105899910
000000007920042023105899920
000000007920042023125899921
000000007920042023125899911
000000007520042023105999910
000000007520042023105999920
000000007520042023130099921
000000007520042023130099911
000000006720042023110099910
000000006720042023110099920
000000006720042023130099921
000000006720042023130099911
000000007720042023110499910
000000007720042023110499920
000000007720042023130699921
000000007720042023130699911
000000006820042023114299910
000000006820042023134499921
000000007820042023114799910
000000007820042023114799920
000000007820042023124899921
000000007820042023124899911
000000758320042023125699910
000000758320042023125799911
000000007620042023125999910
000000007620042023125999911
000000452820042023133899910
000000452820042023182799911
000000006820042023114299920
000000006820042023134499921
000000006820042023134499911
000000905920042023135099910
000000905920042023190399920
000000905920042023200399921
000000905920042023225299911
000000296420042023141599910
000000296420042023141599911
000000500720042023143899910
000000500720042023164199920
000000500720042023174699921
000000500720042023174699930
000000500720042023191099931
000000006720042023144099910
000000006720042023144099911
000000006820042023145199910
000000006820042023145199911
000000758320042023150899910
000000758320042023150899920
000000007820042023155799910
000000007820042023155799911
000000007520042023155899910
000000007520042023155899911
000000007720042023155999910
000000007720042023155999911
000000006520042023160099910
000000006520042023160099911
000000007920042023160399910
000000007920042023160399911
000000007620042023160699910
000000007620042023160699911
000000030620042023162499910
000000736120042023170199911
