000000036607022023050799901
000000036607022023060399905
000000036607022023064899906
000000036607022023065999905
000000036607022023072999906
000000036607022023080899905
000000036607022023084099906
000000036607022023090599905
000000036607022023091099906
000000036607022023093499905
000000036607022023110199906
000000036607022023110699905
000000036607022023112299906
000000036607022023114699905
000000036607022023130099903
000000036607022023135999904
000000036607022023144299905
000000036607022023152699906
000000036607022023154999905
000000036607022023170099906
000000036607022023181899902
000000009307022023054499901
000000009307022023064699905
000000009307022023082399906
000000009307022023082699905
000000009307022023093399906
000000009307022023095099905
000000009307022023124599906
000000009307022023125799903
000000009307022023142099904
000000009307022023142099905
000000009307022023151799906
000000009307022023152999905
000000009307022023164499906
000000009307022023180399902
000000006107022023060599901
000000006107022023081599905
000000006107022023100399906
000000006107022023104699905
000000006107022023110199906
000000006107022023110199903
000000006107022023120299904
000000006107022023133999905
000000006107022023135699906
000000006107022023135699902
000000005907022023060699901
000000005907022023062499905
000000005907022023095399906
000000005907022023100099905
000000005907022023101799906
000000005907022023103999905
000000005907022023111999906
000000005907022023113699905
000000005907022023115699906
000000005907022023121699903
000000005907022023131799904
000000005907022023131799905
000000005907022023161199906
000000005907022023163099905
000000005907022023172699906
000000005907022023173799902
000000033307022023062199901
000000033307022023070799905
000000033307022023113099906
000000033307022023113099903
000000033307022023124999904
000000033307022023124999905
000000033307022023143899906
000000033307022023150399905
000000033307022023160999906
000000033307022023170399902
000000044907022023063499901
000000044907022023083899905
000000044907022023092699906
000000044907022023093499905
000000044907022023094599906
000000044907022023095699905
000000044907022023111899906
000000044907022023113099905
000000044907022023114099906
000000044907022023114099903
000000044907022023130399904
000000044907022023150799902
000000006907022023063899901
000000006907022023064299905
000000006907022023065399906
000000006907022023071899905
000000006907022023103399906
000000006907022023105899905
000000006907022023111999906
000000006907022023113999905
000000006907022023114199906
000000006907022023114199903
000000006907022023124699904
000000006907022023124699905
000000006907022023145499906
000000006907022023154199905
000000006907022023155999906
000000006907022023175299902
000000007307022023064799901
000000007307022023073399905
000000007307022023075299906
000000007307022023095799905
000000007307022023105299906
000000007307022023111699905
000000007307022023114699906
000000007307022023120999905
000000007307022023121399906
000000007307022023121399903
000000007307022023131199904
000000007307022023131199905
000000007307022023143299906
000000007307022023152199902
000000027307022023065299901
000000027307022023065299905
000000027307022023110699906
000000027307022023110699903
000000027307022023120199904
000000027307022023120199905
000000027307022023165699906
000000027307022023165799902
000000042107022023065799901
000000042107022023065799905
000000042107022023111299906
000000042107022023111299903
000000042107022023121299904
000000042107022023121899905
000000042107022023125199906
000000042107022023131499905
000000042107022023132899906
000000042107022023133999905
000000042107022023171799906
000000042107022023171799902
000000024207022023072199901
000000024207022023072199905
000000024207022023110099906
000000024207022023110099903
000000024207022023120999904
000000024207022023124499905
000000024207022023171799906
000000024207022023171799902
000000006607022023072899901
000000006607022023074699905
000000006607022023131599906
000000006607022023131599903
000000006607022023135299904
000000006607022023152899905
000000006607022023190299906
000000006607022023192799902
000000040107022023151299901
000000040107022023162399902
