000000525121042023060199910
000000525121042023113899911
000000590921042023065599910
000000639121042023070199910
000000639121042023124199911
000000591321042023070299910
000000306821042023072099910
000000306821042023110599940
000000306821042023112099941
000000306821042023140799911
000000500721042023075699910
000000500721042023140199911
000000021721042023075799910
000000021721042023120299911
000000731721042023075899910
000000731721042023123199911
000000736121042023075999910
000000736121042023121399940
000000736121042023124399941
000000736121042023135499911
000000408921042023075999910
000000408921042023132199911
000000639121042023124199910
