000000006608022023044599901
000000006608022023055099905
000000006608022023112199906
000000006608022023112199903
000000006608022023122899904
000000006608022023144999905
000000006608022023171499906
000000006608022023191099902
000000009308022023054299901
000000009308022023074799905
000000009308022023083299906
000000009308022023085099905
000000009308022023091399906
000000009308022023092299905
000000009308022023101099906
000000009308022023102199905
000000009308022023104699906
000000009308022023114599905
000000009308022023115799906
000000009308022023123399903
000000009308022023133199904
000000009308022023150999905
000000009308022023152299906
000000009308022023153899905
000000009308022023154599906
000000009308022023154599902
000000034208022023060599901
000000034208022023081799905
000000034208022023121799906
000000034208022023121799903
000000034208022023132199904
000000034208022023132199905
000000034208022023195499906
000000034208022023200799902
000000005908022023060699901
000000005908022023060699905
000000005908022023113499906
000000005908022023113499903
000000005908022023123799904
000000005908022023141899905
000000005908022023145399906
000000005908022023174299902
000000042108022023062499901
000000042108022023091599905
000000042108022023092999906
000000042108022023093799905
000000042108022023105699906
000000042108022023111199903
000000042108022023123499904
000000042108022023134099905
000000042108022023142299906
000000042108022023142599905
000000042108022023145599906
000000042108022023160099905
000000042108022023164299906
000000042108022023165899905
000000042108022023182699906
000000042108022023182699902
000000044908022023062599901
000000044908022023072199905
000000044908022023094899906
000000044908022023095299905
000000044908022023103799906
000000044908022023110199905
000000044908022023113599906
000000044908022023141999905
000000044908022023144499906
000000044908022023151199905
000000044908022023162099906
000000044908022023164899905
000000044908022023170799906
000000044908022023174099905
000000044908022023175799906
000000044908022023182799902
000000007308022023062799901
000000007308022023073799905
000000007308022023084899906
000000007308022023085699905
000000007308022023095899906
000000007308022023100799905
000000007308022023114199906
000000007308022023114199903
000000007308022023125199904
000000007308022023125299905
000000007308022023132199906
000000007308022023173799905
000000007308022023181499906
000000007308022023195099902
000000036608022023062999901
000000036608022023070699905
000000036608022023083799906
000000036608022023092499905
000000036608022023094399906
000000036608022023111299905
000000036608022023115099906
000000036608022023115099903
000000036608022023131799904
000000036608022023131799905
000000036608022023155999906
000000036608022023195799902
000000040108022023063599901
000000040108022023071199905
000000040108022023100099906
000000040108022023101799905
000000040108022023103099906
000000040108022023105299905
000000040108022023110099906
000000040108022023110099903
000000040108022023115899904
000000040108022023115899905
000000040108022023142699906
000000040108022023142699902
000000006108022023064299901
000000006108022023070399905
000000006108022023072299906
000000006108022023073999905
000000006108022023084799906
000000006108022023085499905
000000006108022023102999906
000000006108022023103199905
000000006108022023105799906
000000006108022023110499905
000000006108022023114799906
000000006108022023115599905
000000006108022023120799906
000000006108022023121899903
000000006108022023132799904
000000006108022023133399905
000000006108022023133699906
000000006108022023134699905
000000006108022023150299906
000000006108022023151799905
000000006108022023151999906
000000006108022023152699905
000000006108022023154499906
000000006108022023152699905
000000006108022023154899905
000000006108022023161599906
000000006108022023162199905
000000006108022023165199906
000000006108022023165599905
000000006108022023171499906
000000006108022023172799902
000000006908022023064599901
000000006908022023064999905
000000006908022023065299906
000000006908022023073099905
000000006908022023080099906
000000006908022023082499905
000000006908022023084899906
000000006908022023091099905
000000006908022023091399906
000000006908022023091799905
000000006908022023115599906
000000006908022023115599903
000000006908022023125599904
000000006908022023131099905
000000006908022023141099906
000000006908022023142099905
000000006908022023144099906
000000006908022023145899905
000000006908022023152499906
000000006908022023153599905
000000006908022023161099906
000000006908022023161899905
000000006908022023171099906
000000006908022023181999902
000000024208022023065499901
000000024208022023085299905
000000024208022023111899906
000000024208022023121399903
000000024208022023133999904
000000024208022023134899905
000000024208022023155099906
000000024208022023164999905
000000024208022023175299906
000000024208022023195399902
000000027308022023065699901
000000027308022023065699905
000000027308022023105499906
000000027308022023105499903
000000027308022023121199904
000000027308022023121199905
000000027308022023165399906
000000027308022023165399902
