000000030613032023075999911
000000005713032023055399921
000000005713032023055399911
000000028713032023042899910
000000028713032023071399911
000000007413032023045999910
000000007413032023133199911
000000007713032023054599910
000000007713032023054599911
000000005713032023055899910
000000005713032023055899911
000000011013032023055999910
000000011013032023072399911
000000171113032023060599910
000000171113032023060699911
000000409713032023060599910
000000409713032023085599930
000000409713032023100499931
000000409713032023100499920
000000409713032023110599921
000000409713032023110599930
000000409713032023111799931
000000409713032023141699911
000000296413032023060599910
000000296413032023100599920
000000296413032023110699921
000000296413032023161599911
000000487513032023060599910
000000487513032023102699920
000000487513032023112999921
000000487513032023141499911
000000300913032023060699910
000000300913032023103799920
000000300913032023113999921
000000300913032023142099911
000000634213032023060799910
000000634213032023082499930
000000634213032023101399931
000000634213032023104499920
000000634213032023114599921
000000634213032023114599930
000000634213032023132799931
000000634213032023160799911
000000007013032023060799910
000000007013032023110499920
000000007013032023120699921
000000007013032023162499911
000000525113032023060799910
000000525113032023060899911
000000171113032023061299910
000000171113032023100399920
000000171113032023110599921
000000171113032023155599911
000000525113032023062299910
000000525113032023103199920
000000525113032023113499921
000000525113032023150099911
000000006813032023063999910
000000006813032023073199930
000000006813032023081199931
000000006813032023091099930
000000006813032023110499931
000000006813032023111099920
000000006813032023131199921
000000006813032023144099911
000000622213032023065199910
000000622213032023065199911
000000591313032023065599910
000000591313032023124099920
000000591313032023134199921
000000591313032023154099911
000000830913032023065599910
000000830913032023115399920
000000830913032023125499921
000000830913032023162899911
000000590913032023065699910
000000590913032023114499920
000000590913032023124699921
000000590913032023165499911
000000452813032023065699910
000000452813032023123499920
000000452813032023133599921
000000452813032023150199911
000000007913032023065799910
000000007913032023065799911
000000652413032023065799910
000000652413032023112099920
000000652413032023122099921
000000652413032023125799911
000000689213032023065899910
000000689213032023115199920
000000689213032023125299921
000000689213032023160299911
000000500713032023065899910
000000500713032023074199911
000000007813032023065899910
000000007813032023065899911
000000083613032023065999910
000000083613032023070599930
000000083613032023090699931
000000083613032023133399920
000000083613032023154099921
000000083613032023170699911
000000007313032023065999910
000000007313032023070099911
000000731513032023070099910
000000731513032023112399920
000000731513032023122599921
000000731513032023152299911
000000006513032023070099910
000000006513032023114999920
000000006513032023125199921
000000006513032023173999911
000000306813032023070099910
000000306813032023112699920
000000306813032023132699921
000000306813032023171199911
000000239513032023070099910
000000239513032023113899920
000000239513032023123999921
000000239513032023161799911
000000007513032023070099910
000000007513032023070099911
000000731713032023070299910
000000731713032023120099920
000000731713032023140199921
000000731713032023170299911
000000009113032023070499910
000000009113032023070499911
000000009113032023070899910
000000009113032023110399920
000000009113032023130799921
000000009113032023133799911
000000153313032023071799910
000000153313032023110399920
000000153313032023130499921
000000153313032023171799911
000000190513032023072699910
000000190513032023112099920
000000190513032023131999921
000000190513032023173099911
000000021713032023072699910
000000021713032023110199920
000000021713032023130199921
000000021713032023173299911
000000268913032023072699910
000000268913032023115699920
000000268913032023125999921
000000268913032023173299911
000000488713032023072799910
000000488713032023113299920
000000488713032023123399921
000000488713032023162999911
000000034513032023072899910
000000034513032023112599920
000000034513032023172899911
000000052813032023072999910
000000052813032023121599920
000000052813032023131899921
000000052813032023174999911
000000535113032023072999910
000000535113032023113199920
000000535113032023123499921
000000535113032023165799911
000000149413032023073499910
000000149413032023073499911
000000007313032023074199910
000000007313032023074199910
000000007313032023112899920
000000007313032023122999921
000000007313032023173099911
000000266413032023075099910
000000266413032023123399920
000000266413032023134399921
000000266413032023170099911
000000197413032023075599910
000000197413032023075599930
000000197413032023080399931
000000197413032023080499930
000000197413032023080699931
000000197413032023083699930
000000197413032023084699931
000000197413032023084699931
000000197413032023090999930
000000197413032023092099931
000000197413032023092599930
000000197413032023094799931
000000197413032023095299930
000000197413032023100099931
000000197413032023100999930
000000197413032023102299931
000000416213032023075599910
000000416213032023075599930
000000416213032023081099931
000000416213032023122899920
000000416213032023133199921
000000416213032023155499930
000000416213032023172499931
000000416213032023183499911
000000781213032023075599910
000000781213032023123199920
000000781213032023133299921
000000781213032023161499911
000000631813032023075599910
000000631813032023075599930
000000631813032023080699931
000000631813032023120699920
000000631813032023130799921
000000631813032023171599911
000000408913032023075999910
000000408913032023124799920
000000408913032023135099921
000000408913032023170099911
000000030613032023075999910
000000030613032023121599920
000000030613032023131699921
000000030613032023172399911
000000210613032023075999910
000000210613032023120299920
000000210613032023130499921
000000210613032023170199911
000000302613032023080099910
000000302613032023120099920
000000302613032023130199921
000000302613032023170299911
000000906313032023080099910
000000906313032023130699920
000000906313032023140799921
000000906313032023170099911
000000738213032023080099910
000000738213032023121699920
000000738213032023142499921
000000738213032023191899911
000000846613032023080299910
000000846613032023131499920
000000846613032023150499921
000000846613032023180099911
000000225413032023080399910
000000225413032023125599920
000000225413032023140099921
000000225413032023170099911
000000029013032023080699910
000000029013032023132699920
000000029013032023152799921
000000029013032023180099911
000000292113032023080699910
000000292113032023191199911
000000694013032023080699910
000000694013032023121799920
000000694013032023132299921
000000694013032023121799920
000000694013032023170699911
000000028713032023083199910
000000028713032023083199920
000000028713032023093399921
000000028713032023123499930
000000028713032023130199931
000000746713032023085599910
000000746713032023123899920
000000746713032023142099921
000000746713032023181299911
000000609913032023085699910
000000609913032023085799911
000000905913032023085799910
000000905913032023085799911
000000890113032023090799910
000000890113032023110899920
000000890113032023121399921
000000890113032023180399911
000000487413032023095899910
000000487413032023161899920
000000487413032023172199921
000000487413032023210099911
000000859013032023105599910
000000859013032023151699920
000000859013032023161699921
000000859013032023193699911
000000883713032023105599910
000000883713032023140299920
000000883713032023150599921
000000883713032023140299920
000000883713032023190399911
000000414413032023105699910
000000414413032023140499940
000000414413032023150599941
000000764113032023105799910
000000764113032023151399920
000000764113032023161499921
000000764113032023204799911
000000007513032023105999910
000000007513032023105999920
000000007513032023130299921
000000007513032023130299911
000000007913032023110099910
000000007913032023110099920
000000007913032023130199921
000000007913032023110099920
000000007913032023130199921
000000007913032023130199911
000000007813032023110099910
000000007813032023110099920
000000007813032023130199921
000000007813032023110099910
000000007713032023110199910
000000007713032023110199920
000000007713032023120299921
000000007713032023120299911
000000622213032023112599910
000000622213032023123299920
000000622213032023133399921
000000149413032023115899910
000000149413032023115999911
000000500713032023085599930
000000500713032023110899931
000000500713032023085599930
000000500713032023115099920
000000500713032023125399911
000000007813032023130199911
000000007813032023130199911
000000007813032023130199911
000000007813032023130199911
000000652413032023132299910
000000652413032023171299911
000000500713032023133199910
000000500713032023150599911
000000609913032023135599910
000000609913032023135599920
000000609913032023145699921
000000609913032023145799911
000000005713032023143399910
000000005713032023143399911
000000622213032023144699910
000000622213032023144699911
000000007713032023154799910
000000009113032023163799910
000000009113032023163799911
000000007813032023164099910
000000007813032023164099911
000000006813032023164399910
000000006813032023164599911
000000007513032023164399910
000000007513032023164399911
000000063813032023170999910
000000063813032023170999911
000000149413032023174799910
000000149413032023174799920
000000149413032023185199921
000000149413032023185299911
000000007913032023175399910
000000007913032023175399911
000000609913032023185199910
000000609913032023185199911
000000905913032023185299910
000000905913032023185299911
000000500713032023085599930
000000500713032023085599930
