000000622213052023080199911
000000007713052023050099910
000000007713052023070599911
000000007313052023050099910
000000007313052023101799920
000000007313052023111899921
000000007313052023140299911
000000007013052023050099910
000000007013052023081399911
000000006713052023050199910
000000006713052023050199911
000000609913052023055599910
000000609913052023085499911
000000296413052023060099910
000000296413052023125599920
000000296413052023140099921
000000296413052023141899911
000000011013052023060199910
000000011013052023070499911
000000487513052023060299910
000000487513052023060299911
000000525113052023060599910
000000525113052023060799911
000000300913052023060699910
000000300913052023100099920
000000300913052023110399921
000000300913052023141999911
000000006613052023061299910
000000006613052023100499911
000000029013052023061599910
000000029013052023103599940
000000029013052023105099941
000000591313052023065599910
000000591313052023154699911
000000830913052023065599910
000000830913052023124999920
000000830913052023135199921
000000830913052023152699911
000000689213052023065599910
000000689213052023123899920
000000689213052023133899921
000000689213052023171799911
000000590913052023065599910
000000590913052023115999920
000000590913052023130299921
000000590913052023143199911
000000007413052023065699910
000000007413052023114599920
000000007413052023124599921
000000007413052023114599920
000000007413052023114599920
000000007413052023114599920
000000007413052023124599911
000000007913052023065699910
000000007913052023065699911
000000299113052023065699910
000000299113052023125699911
000000639113052023065799910
000000639113052023132799920
000000639113052023144199921
000000639113052023145599911
000000758313052023065799910
000000758313052023130699920
000000758313052023140799921
000000758313052023154199911
000000005713052023065799910
000000005713052023105699920
000000005713052023115799921
000000005713052023123999911
000000007513052023065799910
000000007513052023065799911
000000007813052023065899910
000000007813052023065899911
000000225413052023070099910
000000225413052023130799940
000000225413052023132299941
000000225413052023155899911
000000006813052023070199910
000000006813052023070199911
000000083613052023070199910
000000083613052023070599930
000000083613052023111699931
000000083613052023130999911
000000731513052023070399910
000000731513052023110699920
000000731513052023120799921
000000731513052023152399911
000000652413052023070399910
000000652413052023070499911
000000452813052023070499910
000000452813052023132399920
000000452813052023144199921
000000011013052023070799910
000000011013052023110199920
000000011013052023120199921
000000011013052023153499911
000000239513052023071099910
000000239513052023124899911
000000153313052023071699910
000000153313052023110199940
000000153313052023111699941
000000153313052023142499911
000000306813052023072099910
000000306813052023120099920
000000306813052023130099921
000000306813052023165699911
000000416213052023072799910
000000416213052023084999930
000000416213052023084999931
000000416213052023125899911
000000021713052023072999910
000000021713052023113099920
000000021713052023133099921
000000021713052023153099911
000000034513052023072999910
000000034513052023133199911
000000126413052023073799910
000000126413052023073799930
000000126413052023084699931
000000126413052023093799930
000000126413052023101299931
000000126413052023124099930
000000126413052023124899931
000000126413052023131599911
000000007713052023074199910
000000007713052023100899911
000000266413052023074999910
000000266413052023124799911
000000631813052023075599910
000000631813052023075599930
000000631813052023082499931
000000631813052023120299911
000000695213052023075599910
000000197413052023075599910
000000197413052023075599930
000000197413052023081299931
000000197413052023081899930
000000197413052023103599931
000000197413052023104699930
000000197413052023120499931
000000197413052023120499911
000000731713052023075599910
000000731713052023132299920
000000731713052023133999921
000000731713052023140599911
000000028713052023075699910
000000028713052023075699930
000000028713052023081199931
000000028713052023100099930
000000028713052023120099931
000000028713052023120299911
000000063813052023075699910
000000063813052023121199911
000000268913052023075699910
000000268913052023124199911
000000488713052023075799910
000000488713052023132499911
000000292613052023075799910
000000292613052023080599911
000000190513052023075799910
000000190513052023130699911
000000052813052023075799910
000000052813052023125599911
000000483213052023075799910
000000483213052023144699911
000000535113052023075899910
000000535113052023143299911
000000210613052023075899910
000000210613052023120199911
000000030613052023075999910
000000030613052023075999911
000000906313052023080099910
000000906313052023131399911
000000738213052023080099910
000000738213052023133399911
000000408913052023080099910
000000622213052023080199910
000000622213052023080199911
000000736113052023080199910
000000736113052023135899911
000000292113052023080599910
000000292113052023120699911
000000846613052023080599910
000000846613052023125799911
000000767513052023080799910
000000767513052023120599911
000000746713052023082099910
000000746713052023124299920
000000746713052023134399921
000000746713052023150299911
000000617913052023082199910
000000617913052023140399911
000000622213052023083099910
000000890113052023085499910
000000890113052023125799920
000000890113052023135899921
000000890113052023190599911
000000764113052023085799910
000000764113052023124999920
000000764113052023135099921
000000764113052023184699911
000000694013052023085899910
000000694013052023132599911
000000487513052023090099910
000000487513052023100499920
000000487513052023110599921
000000487513052023141599911
000000609913052023091299910
000000609913052023091299911
000000883713052023095399910
000000883713052023135599920
000000883713052023150999921
000000883713052023200999911
000000487413052023095799910
000000487413052023122299911
000000742513052023095999910
000000742513052023123499920
000000742513052023133599921
000000742513052023170299911
000000525113052023104499910
000000525113052023111199920
000000525113052023121599921
000000525113052023161299911
000000905913052023105499910
000000905913052023160499911
000000414413052023105599910
000000414413052023155099920
000000414413052023165199921
000000414413052023193499911
000000007813052023105899910
000000007813052023105899920
000000007813052023120099921
000000007813052023120099911
000000007513052023105899910
000000007513052023105899920
000000007513052023115899921
000000007513052023115899911
000000006813052023105999910
000000006813052023105999920
000000006813052023120199921
000000006813052023120199911
000000007713052023105999910
000000007713052023111299920
000000007713052023121499921
000000007713052023121499911
000000007913052023110699910
000000007913052023110799920
000000007913052023120999921
000000007913052023120999911
000000149413052023110999910
000000149413052023111099911
000000292613052023114599910
000000292613052023123299911
000000634113052023115599910
000000634113052023173799911
000000171113052023115699910
000000171113052023115799911
000000409713052023120099910
000000409713052023123899911
000000030613052023121899910
000000030613052023121899911
000000622213052023122099910
000000622213052023122099920
000000622213052023133799921
000000622213052023142199911
000000487413052023124399910
000000487413052023144699920
000000487413052023155199921
000000487413052023170499911
000000007713052023132199910
000000007713052023132199911
000000007913052023134299910
000000007913052023134299911
000000006713052023135899910
000000006713052023135899911
000000007413052023142399910
000000007413052023142399911
000000005713052023144199910
000000005713052023144199911
000000007513052023144199910
000000007513052023144199911
000000006813052023144399910
000000006813052023144399911
000000652413052023152399910
000000652413052023152399911
000000149413052023153699910
000000149413052023153699920
000000149413052023163799921
000000149413052023163799911
000000409713052023165099910
000000409713052023172499911
000000171113052023180199910
000000171113052023180199910
000000171113052023180199910
000000171113052023180199910
000000171113052023180299911
000000149413052023195299910
000000149413052023195299911
