000000028722022023042799910
000000028722022023072299911
000000006522022023050199910
000000006522022023072599911
000000525122022023060599910
000000525122022023060699911
000000300922022023060599910
000000300922022023100099920
000000300922022023110399921
000000300922022023134699911
000000171122022023060599910
000000171122022023095699920
000000171122022023105999921
000000171122022023142199911
000000409722022023060699910
000000409722022023093699930
000000409722022023095999931
000000409722022023095999920
000000409722022023110399921
000000409722022023110399930
000000409722022023131199931
000000409722022023162199911
000000487522022023060699910
000000487522022023100099920
000000487522022023110299921
000000487522022023162599911
000000296422022023060799910
000000296422022023061499911
000000296422022023062199910
000000296422022023085999911
000000007022022023063399910
000000007022022023111299920
000000007022022023121599921
000000007022022023150299930
000000007022022023150899931
000000007022022023164799911
000000452822022023065499910
000000452822022023112999920
000000452822022023124299921
000000452822022023154299911
000000007322022023065499910
000000007322022023112999920
000000007322022023123099921
000000007322022023172899911
000000590922022023065699910
000000590922022023065799911
000000639122022023065799910
000000639122022023121699920
000000639122022023131899921
000000639122022023121699920
000000639122022023142899911
000000210622022023065899910
000000210622022023113599920
000000210622022023123799921
000000210622022023170099911
000000830922022023065899910
000000830922022023123599920
000000830922022023133699921
000000830922022023155499911
000000689222022023065899910
000000689222022023122599920
000000689222022023132699921
000000689222022023163799911
000000591322022023070099910
000000591322022023123499920
000000591322022023133699921
000000591322022023155599911
000000738222022023070199910
000000738222022023110099920
000000738222022023130199921
000000738222022023180099911
000000767522022023070199910
000000767522022023120899920
000000767522022023131099921
000000767522022023170399911
000000343222022023071999910
000000343222022023135999920
000000343222022023155999921
000000343222022023174699911
000000190522022023072599910
000000190522022023110099920
000000190522022023125999921
000000731722022023072699910
000000731722022023120099920
000000731722022023140399921
000000590922022023072899910
000000590922022023120199920
000000590922022023130299921
000000590922022023143899911
000000488722022023072899910
000000488722022023114699920
000000488722022023124799921
000000488722022023162999911
000000052822022023072999910
000000052822022023120399920
000000052822022023130599921
000000052822022023164499911
000000483222022023073199910
000000483222022023113799920
000000483222022023123899921
000000483222022023164999911
000000006522022023074099910
000000006522022023112199920
000000006522022023122299921
000000006522022023153999911
000000028722022023074299911
000000028722022023074299910
000000028722022023074299930
000000028722022023083299931
000000028722022023083299920
000000028722022023093499921
000000028722022023124599930
000000028722022023130799931
000000028722022023134799911
000000764122022023074499910
000000764122022023113599920
000000764122022023123799921
000000764122022023163999911
000000083622022023075599910
000000083622022023155899911
000000416222022023075599910
000000416222022023114899920
000000416222022023135099921
000000416222022023175199911
000000197422022023075599910
000000197422022023075599930
000000197422022023081999931
000000197422022023083399930
000000197422022023083799931
000000197422022023084599930
000000197422022023085299931
000000197422022023085599930
000000197422022023090199931
000000197422022023091499930
000000197422022023093499931
000000197422022023093499931
000000197422022023093799930
000000197422022023094299931
000000197422022023094399930
000000197422022023095699931
000000197422022023100099930
000000197422022023101599931
000000197422022023102099930
000000197422022023103299931
000000197422022023103799930
000000197422022023105999931
000000197422022023110999930
000000197422022023112099931
000000197422022023112099931
000000197422022023120099930
000000197422022023121099931
000000197422022023121099931
000000197422022023121599920
000000197422022023131699921
000000197422022023131999930
000000197422022023133499931
000000197422022023133499931
000000197422022023135799930
000000197422022023140699931
000000197422022023140999930
000000197422022023141799931
000000197422022023141799931
000000197422022023143699930
000000197422022023150799931
000000197422022023150799931
000000197422022023150799931
000000197422022023151699930
000000197422022023152299931
000000197422022023161299930
000000197422022023162299931
000000197422022023162399931
000000197422022023163799930
000000695222022023075699910
000000695222022023124099920
000000695222022023134299921
000000695222022023172499911
000000268922022023075699910
000000268922022023120399920
000000268922022023130599921
000000030622022023075899910
000000030622022023121199920
000000030622022023131799921
000000030622022023170199911
000000063822022023075899910
000000063822022023075899911
000000408922022023075999910
000000408922022023120499920
000000408922022023130599921
000000408922022023170099911
000000302622022023080099910
000000302622022023120299920
000000302622022023130399921
000000302622022023170099911
000000225422022023080399910
000000225422022023111999920
000000225422022023122099921
000000225422022023165599911
000000029022022023080599910
000000029022022023115999920
000000029022022023135999921
000000906322022023080699910
000000906322022023133099920
000000906322022023142999921
000000906322022023163399911
000000846622022023083199910
000000846622022023111299920
000000846622022023123499921
000000846622022023174199911
000000609922022023085699910
000000609922022023092299911
000000694022022023085999910
000000694022022023121999920
000000694022022023132699921
000000694022022023180299911
000000890122022023090099910
000000890122022023130099920
000000890122022023140399921
000000890122022023180999911
000000296422022023093399910
000000296422022023100899920
000000296422022023110999921
000000296422022023124699911
000000883722022023105399910
000000883722022023154199920
000000883722022023164399921
000000883722022023194499911
000000859022022023105599910
000000859022022023131699911
000000905922022023105999910
000000905922022023105999911
000000414422022023110499910
000000414422022023152499920
000000414422022023162599921
000000414422022023191599911
000000007822022023115599910
000000007822022023115599911
000000006822022023115599910
000000006822022023115599911
000000007922022023115699910
000000007922022023115699911
000000007422022023115699910
000000007422022023115699911
000000034522022023115799910
000000034522022023140099920
000000034522022023141599921
000000034522022023175999911
000000007522022023115799910
000000007522022023115799911
000000006622022023115799910
000000006622022023115799911
000000005722022023115899910
000000005722022023115899911
000000007622022023115899910
000000007622022023115899911
000000758322022023115899910
000000758322022023165799920
000000758322022023175999921
000000758322022023180699911
000000006722022023115899910
000000006722022023115899911
000000525122022023115999910
000000525122022023120099920
000000525122022023130599921
000000525122022023142099911
000000021722022023120099910
000000021722022023140199940
000000021722022023141699941
000000021722022023180099911
000000609922022023120699910
000000609922022023120699920
000000609922022023130799921
000000609922022023130899911
000000487522022023122799911
000000487522022023122799911
000000296422022023125699910
000000296422022023142099911
000000149422022023125999910
000000149422022023125999911
000000005722022023155999910
000000005722022023155999911
000000006822022023160099910
000000006822022023160099911
000000007822022023160099910
000000007822022023160099911
000000006722022023160099910
000000006722022023160099911
000000006622022023160399910
000000006622022023160399911
000000007622022023160499910
000000007622022023160499911
000000007922022023160599911
000000007922022023160599911
000000007922022023160599911
000000007922022023160599911
000000007422022023162099910
000000007422022023162099911
000000007522022023162499910
000000007522022023162499910
000000007522022023162499911
000000409722022023163299910
000000409722022023163599911
000000695222022023173299910
000000695222022023183299911
000000609922022023175099910
000000609922022023175099911
000000149422022023183899910
000000149422022023184099920
000000149422022023194599921
000000149422022023194599911
000000905922022023193999910
000000905922022023193999911
000000149422022023212499910
000000149422022023212699911
