000000622230032023063199911
000000028730032023042899910
000000028730032023072799911
000000005730032023050099910
000000005730032023074199911
000000007330032023050199910
000000007330032023072399911
000000007730032023050299910
000000007730032023080899911
000000609930032023055599910
000000609930032023105499920
000000609930032023115599921
000000609930032023115599911
000000052830032023055599910
000000052830032023084599911
000000171130032023055699910
000000171130032023100199920
000000171130032023110399921
000000171130032023153399911
000000487530032023055899910
000000487530032023095899920
000000487530032023110299921
000000487530032023153899911
000000634230032023055999910
000000634230032023090099930
000000634230032023100299931
000000634230032023100299920
000000634230032023110399921
000000634230032023110399930
000000634230032023111899931
000000634230032023142299911
000000300930032023060199910
000000300930032023120799920
000000300930032023130999921
000000300930032023154499911
000000525130032023060199910
000000525130032023103299920
000000525130032023113499921
000000525130032023150199911
000000296430032023060399910
000000296430032023111899920
000000296430032023121999921
000000296430032023161799911
000000500730032023060599910
000000500730032023105399920
000000500730032023115599921
000000500730032023123899930
000000500730032023150399931
000000500730032023151499911
000000409730032023060899910
000000409730032023085399930
000000409730032023100299931
000000409730032023100299931
000000409730032023100299931
000000409730032023100299920
000000409730032023110599921
000000409730032023141899911
000000622230032023063199910
000000622230032023101599920
000000622230032023111699921
000000622230032023133399911
000000306830032023065099910
000000306830032023110099920
000000306830032023130099921
000000306830032023171899911
000000846630032023065199910
000000846630032023124399920
000000846630032023143999921
000000846630032023173699911
000000007530032023065499910
000000007530032023065499911
000000007930032023065499910
000000007930032023065499911
000000634130032023065599910
000000634130032023114599920
000000634130032023124599921
000000634130032023114599920
000000634130032023124599911
000000009130032023065599910
000000009130032023110499920
000000009130032023130799921
000000009130032023140399911
000000083630032023065599910
000000083630032023070099930
000000083630032023093199931
000000083630032023123599920
000000083630032023143799921
000000083630032023170099911
000000452830032023065599910
000000452830032023104799911
000000007830032023065599910
000000007830032023065599911
000000007430032023065699910
000000007430032023104999920
000000007430032023115099921
000000007430032023121599911
000000830930032023065699910
000000830930032023094499911
000000006530032023065699910
000000006530032023115699920
000000006530032023125799921
000000006530032023174499911
000000590930032023065699910
000000590930032023120399920
000000590930032023130499921
000000590930032023154799911
000000007030032023065699910
000000007030032023065799911
000000689230032023065799910
000000689230032023110999920
000000689230032023121099921
000000689230032023171899911
000000731730032023070099910
000000731730032023120099911
000000006830032023070199910
000000006830032023070199911
000000416230032023070499910
000000416230032023081199930
000000416230032023083999931
000000416230032023130399920
000000416230032023140499921
000000591330032023070599910
000000591330032023125099920
000000591330032023135299921
000000591330032023170099911
000000239530032023071199910
000000239530032023115899920
000000239530032023130199921
000000239530032023115899920
000000239530032023160699911
000000153330032023071599910
000000153330032023114499920
000000153330032023134699921
000000153330032023134699921
000000153330032023174099911
000000190530032023072699910
000000190530032023110599920
000000190530032023130199921
000000190530032023173199911
000000268930032023072699910
000000268930032023114699920
000000268930032023124799921
000000488730032023072799910
000000488730032023112999920
000000488730032023123099921
000000488730032023163299911
000000034530032023072899910
000000034530032023112499920
000000034530032023132499921
000000034530032023173799911
000000021730032023072999910
000000021730032023112499920
000000021730032023132499921
000000021730032023173099911
000000535130032023072999910
000000535130032023115999920
000000535130032023130399921
000000535130032023164399911
000000007330032023073499910
000000007330032023104999920
000000007330032023115199921
000000007330032023164999911
000000731530032023073699910
000000731530032023112999920
000000731530032023114599920
000000731530032023124699921
000000731530032023160799911
000000266430032023075199910
000000266430032023120999920
000000266430032023131999921
000000266430032023171599911
000000292130032023075599910
000000292130032023111299920
000000292130032023121599921
000000292130032023171099911
000000631830032023075599910
000000631830032023075699930
000000631830032023081999931
000000631830032023124499920
000000631830032023134599921
000000631830032023143299930
000000631830032023170099931
000000631830032023170099911
000000408930032023075799910
000000408930032023122099920
000000408930032023132199921
000000408930032023171999911
000000210630032023075799910
000000210630032023125899920
000000210630032023135999921
000000210630032023170099911
000000694030032023075899910
000000694030032023122999920
000000694030032023133599921
000000694030032023122999920
000000694030032023133599921
000000694030032023170599911
000000695230032023075999910
000000695230032023123899920
000000695230032023133999921
000000906330032023080099910
000000906330032023131499920
000000906330032023141599921
000000906330032023170099911
000000652430032023080099910
000000652430032023111899920
000000652430032023121999921
000000652430032023152399911
000000738230032023080099910
000000738230032023112999920
000000738230032023133099921
000000738230032023180099911
000000299130032023080199910
000000299130032023123599920
000000299130032023133699921
000000299130032023165899911
000000302630032023080199910
000000302630032023121899920
000000302630032023131999921
000000302630032023170199911
000000225430032023080299910
000000225430032023112899920
000000225430032023122999921
000000225430032023165999911
000000028730032023080299910
000000028730032023095299911
000000905930032023080499910
000000905930032023125899920
000000905930032023135999921
000000905930032023172399911
000000030630032023080799910
000000030630032023130699920
000000030630032023141099921
000000030630032023171399911
000000029030032023081099910
000000029030032023121099920
000000029030032023141099921
000000029030032023180099911
000000052830032023084799910
000000052830032023115699920
000000052830032023125899921
000000052830032023163099911
000000746730032023085099910
000000746730032023120199920
000000746730032023133399921
000000746730032023181299911
000000890130032023092599910
000000890130032023125599920
000000890130032023140099921
000000890130032023184399911
000000859030032023100099910
000000859030032023142199920
000000859030032023152199921
000000859030032023191599911
000000487430032023105799910
000000487430032023110399911
000000007030032023105799910
000000007030032023105799920
000000007030032023125999921
000000007030032023125999911
000000414430032023105999910
000000414430032023142499920
000000414430032023152599921
000000414430032023190499911
000000764130032023105999910
000000764130032023142899920
000000764130032023153099921
000000764130032023201699911
000000007930032023105999910
000000007930032023105999920
000000006830032023110099910
000000006830032023110099920
000000006830032023130199921
000000006830032023130199911
000000007830032023110299910
000000007830032023110299920
000000007830032023130399921
000000007830032023130399911
000000007530032023110399910
000000007530032023110399920
000000007530032023142599921
000000007530032023142599911
000000452830032023110999910
000000452830032023122999920
000000452830032023133099921
000000452830032023152099911
000000883730032023111699910
000000883730032023134599920
000000883730032023144699921
000000883730032023180799911
000000487430032023113299910
000000487430032023180099920
000000487430032023190399921
000000149430032023120599910
000000149430032023120699911
000000007430032023153699910
000000007430032023153699911
000000007830032023163099910
000000007830032023163099911
000000007830032023163099911
000000007930032023163099910
000000007930032023163099911
000000006830032023163099910
000000006830032023163099911
000000007530032023163299910
000000007530032023163299911
000000009130032023163499910
000000009130032023163499911
000000007030032023164499910
000000007030032023164499911
000000695230032023170599910
000000695230032023173599911
000000149430032023175799911
000000149430032023175899910
000000149430032023175899920
000000149430032023190099921
000000149430032023190199911
000000149430032023214499910
000000149430032023214499911
