000000028716052023043299910
000000028716052023071699911
000000006816052023050099910
000000006816052023072699930
000000006816052023081499931
000000006816052023115299920
000000006816052023125499921
000000006816052023135899911
000000006716052023050599910
000000006716052023050599911
000000007016052023050599910
000000007016052023074699911
000000006616052023054299910
000000006616052023054299911
000000171116052023055699910
000000171116052023100199920
000000171116052023110499921
000000171116052023100199920
000000171116052023100199920
000000171116052023100199920
000000171116052023152599911
000000487416052023055699910
000000487416052023060699911
000000525116052023055699910
000000525116052023055799911
000000011016052023055999910
000000011016052023055999911
000000296416052023060099910
000000296416052023100899920
000000296416052023110999921
000000296416052023161999911
000000409716052023060199910
000000409716052023112199930
000000409716052023112999931
000000409716052023114799920
000000409716052023130399921
000000409716052023130399930
000000409716052023140499931
000000409716052023161599911
000000300916052023060399910
000000300916052023111799920
000000300916052023122499921
000000300916052023165799911
000000487516052023060499910
000000487516052023060499911
000000525116052023061099910
000000525116052023110199920
000000525116052023120399921
000000525116052023161999911
000000487416052023061499910
000000487416052023092699911
000000029016052023063999910
000000029016052023125099920
000000029016052023145099921
000000487516052023064099910
000000487516052023095799920
000000487516052023105999921
000000487516052023151799911
000000007916052023065599910
000000007916052023065599911
000000639116052023065599910
000000639116052023133599920
000000639116052023144099921
000000639116052023153299911
000000007416052023065599910
000000007416052023104499920
000000007416052023124599921
000000830916052023065599910
000000830916052023113099920
000000830916052023123199921
000000830916052023065599910
000000005716052023065599910
000000005716052023105699920
000000005716052023130099921
000000005716052023130099911
000000758316052023065599910
000000758316052023120799920
000000758316052023130899921
000000758316052023154899911
000000007816052023065599910
000000007816052023113799920
000000007816052023123899921
000000007816052023173099911
000000590916052023065699910
000000590916052023115199920
000000590916052023125399921
000000590916052023150699911
000000452816052023065699910
000000452816052023125199920
000000452816052023140299921
000000452816052023152599911
000000007516052023065699910
000000007516052023065699911
000000689216052023065799910
000000689216052023122099920
000000689216052023132199921
000000689216052023154899911
000000731516052023065999910
000000731516052023111399920
000000731516052023121699921
000000731516052023151999911
000000591316052023065999910
000000591316052023122099920
000000591316052023132299921
000000591316052023163099911
000000634216052023065999910
000000634216052023103299911
000000306816052023070099910
000000306816052023120899920
000000306816052023140899921
000000306816052023170099911
000000083616052023070199910
000000083616052023070699930
000000083616052023084299931
000000083616052023130099920
000000083616052023150499921
000000083616052023171499911
000000652416052023070599910
000000652416052023070599911
000000239516052023071199910
000000239516052023103999920
000000239516052023113999921
000000239516052023164999911
000000153316052023072099910
000000153316052023103499920
000000153316052023123699921
000000153316052023175999911
000000034516052023072699910
000000034516052023113299920
000000034516052023133299921
000000034516052023174799911
000000488716052023072699910
000000488716052023114999920
000000488716052023124999921
000000488716052023163099911
000000268916052023072699910
000000268916052023113999920
000000268916052023124099921
000000268916052023163799911
000000052816052023072699910
000000052816052023114199920
000000052816052023124399921
000000052816052023172699911
000000731716052023072799910
000000731716052023110499920
000000731716052023120799921
000000731716052023163699911
000000021716052023072799910
000000021716052023110099920
000000021716052023130099921
000000021716052023173199911
000000483216052023072899910
000000483216052023072899911
000000535116052023072899910
000000535116052023113299920
000000535116052023123599921
000000535116052023163499911
000000190516052023072999910
000000190516052023112199920
000000190516052023132099921
000000190516052023173599911
000000126416052023073599910
000000126416052023073599930
000000126416052023075899931
000000126416052023082799930
000000126416052023092999931
000000126416052023115099920
000000126416052023125199921
000000126416052023132099930
000000126416052023141599931
000000126416052023160499930
000000126416052023162599931
000000126416052023163599911
000000007716052023074299910
000000007716052023112999920
000000007716052023123199921
000000007716052023153099911
000000011016052023074999910
000000011016052023110299920
000000011016052023120499921
000000011016052023150499911
000000266416052023075099910
000000266416052023124499920
000000266416052023135599921
000000266416052023170199911
000000007016052023075499910
000000007016052023123499920
000000007016052023134699921
000000007016052023134799911
000000631816052023075599910
000000631816052023075599930
000000631816052023080999931
000000631816052023122499920
000000631816052023122499920
000000631816052023132499921
000000631816052023161499930
000000631816052023162899931
000000631816052023165999911
000000197416052023075599910
000000197416052023075599930
000000197416052023080499931
000000197416052023080999930
000000197416052023120199931
000000197416052023120199920
000000197416052023130299921
000000197416052023131099930
000000197416052023135599931
000000197416052023140399930
000000197416052023165399931
000000197416052023165399911
000000416216052023075599910
000000416216052023075599930
000000416216052023083399931
000000416216052023121899920
000000416216052023141999921
000000416216052023174099911
000000695216052023075599910
000000695216052023120799920
000000695216052023130999921
000000695216052023130999921
000000695216052023151699911
000000292616052023075699910
000000292616052023092399911
000000408916052023075799910
000000408916052023114199920
000000408916052023124299921
000000408916052023170199911
000000210616052023075799910
000000210616052023112499920
000000210616052023122599921
000000210616052023170099911
000000736116052023080099910
000000736116052023113499920
000000736116052023123599921
000000736116052023170099911
000000738216052023080099910
000000738216052023124499920
000000738216052023144599921
000000738216052023182499911
000000906316052023080099910
000000906316052023124699920
000000906316052023134699921
000000906316052023172999911
000000225416052023080099910
000000225416052023122899920
000000225416052023133099921
000000225416052023133099921
000000225416052023173699911
000000302616052023080099910
000000302616052023123299920
000000302616052023133399921
000000299116052023080299910
000000299116052023123299920
000000299116052023133299921
000000299116052023133399911
000000767516052023080399910
000000767516052023125999920
000000767516052023140199921
000000767516052023180599911
000000063816052023080999910
000000063816052023140499921
000000063816052023175399911
000000846616052023081099910
000000846616052023135899920
000000846616052023154799921
000000846616052023173699911
000000742516052023081199910
000000742516052023131899920
000000742516052023142299921
000000742516052023174899911
000000617916052023082899910
000000617916052023111999920
000000617916052023123399921
000000617916052023125999930
000000617916052023132899931
000000617916052023135799930
000000617916052023141099931
000000617916052023174999911
000000746716052023085099910
000000746716052023130899920
000000746716052023143799921
000000746716052023181099911
000000609916052023085599910
000000609916052023085599911
000000890116052023085599910
000000890116052023123499920
000000890116052023133599921
000000890116052023180799911
000000905916052023085799910
000000905916052023085799911
000000694016052023090299910
000000694016052023123899920
000000694016052023134399921
000000694016052023180599911
000000905916052023093599910
000000905916052023124399920
000000905916052023134499921
000000859016052023095799910
000000859016052023103499911
000000487416052023095799910
000000487416052023100099920
000000487416052023100099920
000000292616052023100599910
000000292616052023104199930
000000292616052023120099931
000000292616052023120199920
000000292616052023130299921
000000292616052023130299930
000000292616052023152199931
000000292616052023155899911
000000883716052023105299910
000000883716052023134299920
000000883716052023144699921
000000883716052023190399911
000000007516052023105399910
000000007516052023105399920
000000007516052023125999921
000000007516052023105399910
000000764116052023105599910
000000764116052023140099920
000000764116052023150399921
000000764116052023203199911
000000414416052023105599910
000000414416052023150799920
000000414416052023160899921
000000414416052023201499911
000000007916052023105899910
000000007916052023105899920
000000007916052023125999921
000000007916052023125999921
000000007916052023125999911
000000006616052023105999910
000000006616052023105999920
000000006616052023120099921
000000006616052023140699911
000000292116052023121099910
000000292116052023121099920
000000292116052023131199921
000000292116052023170699911
000000149416052023121399910
000000149416052023121399910
000000149416052023141299911
000000007516052023125999911
000000007016052023134799910
000000007016052023153499911
000000006716052023134899910
000000006716052023134899911
000000830916052023140799911
000000830916052023140799911
000000006616052023142399910
000000006616052023142399910
000000006616052023142399911
000000487416052023152399910
000000487416052023152599911
000000639116052023153199910
000000639116052023172699911
000000007516052023162399910
000000007516052023162399911
000000007916052023162599910
000000007916052023162599911
000000005716052023162699910
000000005716052023162699911
000000197416052023165599910
000000197416052023165599930
000000197416052023165899931
000000197416052023165899911
000000634216052023170299910
000000634216052023170399911
000000292616052023171099910
000000292616052023171099911
000000634116052023172099920
000000634116052023182099921
000000634116052023185599911
