000000028728032023042899910
000000028728032023070999911
000000006528032023050099910
000000006528032023072999911
000000007828032023054599910
000000007828032023054599910
000000609928032023055599910
000000609928032023092299911
000000007028032023055799910
000000007028032023062799911
000000171128032023060199910
000000171128032023060299911
000000409728032023060299910
000000409728032023060299911
000000525128032023060399910
000000525128032023110799920
000000525128032023120899921
000000525128032023150199911
000000300928032023060399910
000000300928032023100799920
000000300928032023111299921
000000300928032023170999911
000000296428032023060399910
000000296428032023105499920
000000296428032023115699921
000000296428032023161599911
000000487528032023060499910
000000487528032023100299920
000000487528032023110399921
000000487528032023145399911
000000622228032023060599910
000000622228032023060599911
000000634228032023060599910
000000634228032023114599920
000000634228032023124899921
000000634228032023124999930
000000634228032023125999931
000000634228032023160199911
000000622228032023061999910
000000622228032023092599911
000000171128032023062299910
000000171128032023100199920
000000171128032023110199921
000000171128032023144999911
000000652428032023065399910
000000652428032023065899911
000000007328032023065399910
000000007328032023065399911
000000634128032023065599910
000000634128032023122599920
000000634128032023132599921
000000634128032023151699911
000000007428032023065599910
000000007428032023105799920
000000007428032023115799921
000000007428032023115799921
000000007428032023122099911
000000007928032023065699910
000000007928032023065699911
000000007528032023065699910
000000007528032023065699911
000000731528032023065699910
000000731528032023111199920
000000731528032023121299921
000000731528032023171999911
000000590928032023065699910
000000590928032023113399920
000000590928032023123499921
000000590928032023145599911
000000005728032023065799910
000000005728032023115699920
000000005728032023125799921
000000689228032023065799910
000000689228032023115699920
000000689228032023125899921
000000689228032023153699911
000000409728032023065799910
000000409728032023080099930
000000409728032023090799931
000000409728032023095599920
000000409728032023110299921
000000007728032023065799910
000000007728032023115099920
000000007728032023125599921
000000007728032023172999911
000000083628032023065799910
000000083628032023070299930
000000083628032023090399931
000000083628032023070299930
000000083628032023132499920
000000083628032023152999921
000000083628032023132499920
000000083628032023132499920
000000083628032023170099911
000000830928032023065799910
000000830928032023122599920
000000830928032023132699921
000000830928032023155599911
000000452828032023065999910
000000452828032023111499911
000000009128032023070099910
000000009128032023070099911
000000239528032023070199910
000000239528032023113199920
000000239528032023123299921
000000239528032023155599911
000000006828032023070299910
000000006828032023070299911
000000591328032023070399910
000000591328032023114899920
000000591328032023125099921
000000591328032023141999911
000000306828032023070399910
000000306828032023110699920
000000306828032023130699921
000000306828032023170899911
000000153328032023071999910
000000153328032023115999920
000000153328032023140099921
000000153328032023175799911
000000268928032023072699910
000000268928032023115699920
000000268928032023125799921
000000034528032023072699910
000000034528032023112099920
000000034528032023132099921
000000488728032023072899910
000000488728032023115199920
000000488728032023125299921
000000488728032023165999911
000000007828032023072899911
000000007828032023072899911
000000052828032023072899910
000000052828032023114299920
000000052828032023124499921
000000052828032023163099911
000000021728032023072999910
000000021728032023112599920
000000021728032023132699921
000000535128032023072999910
000000535128032023132299921
000000535128032023163199911
000000731728032023072999910
000000731728032023120199920
000000731728032023140299921
000000006528032023074199910
000000006528032023113299920
000000006528032023123399921
000000006528032023153899911
000000028728032023074399910
000000028728032023074399930
000000028728032023083199931
000000028728032023083199920
000000028728032023093399921
000000028728032023133599911
000000266428032023075099910
000000266428032023130299920
000000266428032023141499921
000000266428032023170199911
000000190528032023075299910
000000190528032023110099920
000000190528032023130099921
000000190528032023174299911
000000695228032023075599910
000000695228032023120699920
000000695228032023130799921
000000416228032023075599910
000000416228032023075599930
000000416228032023081399931
000000416228032023083299930
000000416228032023114499931
000000416228032023115699920
000000416228032023135799921
000000416228032023135899930
000000416228032023150199931
000000197428032023075599910
000000197428032023075599930
000000197428032023080399931
000000197428032023080399911
000000631828032023075699910
000000631828032023075699930
000000631828032023080899931
000000631828032023123199920
000000631828032023133299921
000000631828032023133499930
000000631828032023140199931
000000631828032023165999911
000000408928032023075899910
000000408928032023131599920
000000408928032023141699921
000000408928032023170099911
000000210628032023075899910
000000210628032023115099920
000000210628032023125199921
000000210628032023170499911
000000292128032023075999910
000000292128032023133799920
000000292128032023143999921
000000292128032023184799911
000000694028032023075999910
000000694028032023131899921
000000225428032023080099910
000000225428032023121599920
000000225428032023131699921
000000225428032023170199911
000000738228032023080099910
000000738228032023123599920
000000738228032023143699921
000000738228032023185799911
000000302628032023080099910
000000302628032023120099920
000000302628032023130199921
000000906328032023080199910
000000906328032023130299920
000000906328032023140399921
000000906328032023170199911
000000063828032023080199910
000000063828032023121199920
000000063828032023131499921
000000063828032023171199911
000000846628032023081399910
000000846628032023122499920
000000846628032023141599921
000000846628032023181999911
000000746728032023085099910
000000746728032023130799920
000000746728032023143699921
000000746728032023181199911
000000905928032023090099910
000000905928032023090099911
000000890128032023090799910
000000890128032023132299920
000000890128032023142699921
000000890128032023180099911
000000609928032023092999910
000000609928032023121399920
000000609928032023131499921
000000609928032023165099911
000000622228032023092999910
000000622228032023093099920
000000622228032023103199921
000000622228032023123699911
000000859028032023095899910
000000859028032023141599920
000000859028032023160199921
000000859028032023191699911
000000500728032023100499910
000000500728032023104099930
000000500728032023110999931
000000500728032023113599930
000000500728032023123899931
000000500728032023123899911
000000007028032023101199910
000000007028032023101199920
000000007028032023111699921
000000007028032023111699911
000000007328032023105199910
000000007328032023105199920
000000007328032023125299921
000000007328032023125299911
000000414428032023105599910
000000414428032023141999920
000000414428032023152099921
000000414428032023193499911
000000006828032023105699910
000000006828032023105699920
000000006828032023130299921
000000006828032023130299911
000000764128032023105699910
000000764128032023142099920
000000764128032023152299921
000000764128032023204599911
000000007928032023105899910
000000007928032023105899920
000000007928032023125999921
000000007928032023125999911
000000007828032023105899910
000000007828032023105899920
000000007828032023130099921
000000007828032023130099911
000000007528032023105999910
000000007528032023105999910
000000007528032023105999920
000000007528032023130199921
000000011028032023110199910
000000011028032023110199920
000000011028032023120199921
000000011028032023155099911
000000883728032023110199910
000000883728032023135799920
000000883728032023150099921
000000883728032023192999911
000000452828032023111899910
000000452828032023120999920
000000452828032023131099921
000000452828032023152199911
000000030628032023123699910
000000030628032023123699920
000000030628032023133799921
000000030628032023172599911
000000500728032023124099910
000000500728032023132599911
000000409728032023124499910
000000409728032023161499911
000000007528032023130199911
000000149428032023130399910
000000149428032023130499911
000000622228032023140099910
000000622228032023155699911
000000500728032023140099910
000000500728032023150299930
000000500728032023150699931
000000500728032023152199920
000000500728032023162299921
000000500728032023162299930
000000500728032023164999931
000000500728032023184699911
000000007428032023152999910
000000007428032023152999911
000000689228032023154399910
000000689228032023171799911
000000695228032023160799910
000000695228032023172499911
000000007028032023160899910
000000007028032023163499911
000000007328032023162399910
000000007328032023162399910
000000007328032023162399911
000000009128032023163099910
000000009128032023163099911
000000007528032023163199910
000000007528032023163199911
000000006828032023163699910
000000006828032023163799911
000000905928032023164099910
000000905928032023164199911
000000652428032023164899910
000000652428032023164999911
000000197428032023165099910
000000197428032023165099930
000000197428032023165699931
000000197428032023165699911
000000007928032023165699910
000000149428032023175199910
000000149428032023175299920
000000149428032023185399921
000000149428032023185399911
000000149428032023195599910
000000149428032023195699911
