000000525116022023060299911
000000007616022023050699910
000000007616022023103699911
000000483216022023055599910
000000483216022023073999911
000000652416022023055599910
000000652416022023101899920
000000652416022023111999921
000000652416022023154499911
000000609916022023055599910
000000609916022023085899911
000000006616022023055599910
000000006616022023055599910
000000171116022023055799910
000000171116022023055999911
000000487416022023055899910
000000487416022023103099920
000000487416022023113399921
000000487416022023152099911
000000487516022023060099910
000000487516022023112699920
000000487516022023122799921
000000487516022023152799911
000000011016022023060099910
000000011016022023072499911
000000525116022023060099910
000000525116022023100599920
000000525116022023110899921
000000525116022023145299911
000000409716022023060099910
000000409716022023060099911
000000300916022023060099910
000000300916022023095899920
000000300916022023110399921
000000300916022023143699911
000000409716022023060999910
000000409716022023090199930
000000409716022023100799931
000000409716022023100799931
000000409716022023103399920
000000409716022023113399921
000000409716022023113399911
000000171116022023061099910
000000171116022023100099920
000000171116022023110099921
000000171116022023151099911
000000296416022023061499910
000000296416022023102399920
000000296416022023112599921
000000296416022023153099911
000000005716022023063499910
000000005716022023063499911
000000590916022023065599910
000000590916022023122199920
000000590916022023132299921
000000590916022023132299911
000000758316022023065599910
000000758316022023065599911
000000634116022023065699910
000000634116022023104299920
000000634116022023114399921
000000634116022023170099911
000000591316022023065699910
000000591316022023123299920
000000591316022023133499921
000000591316022023153299911
000000007416022023065799910
000000007416022023111499920
000000007416022023121599921
000000007416022023124399911
000000006516022023065799910
000000006516022023065799911
000000007316022023065899910
000000007316022023114799920
000000007316022023124899921
000000007316022023173099911
000000007916022023065899910
000000007916022023065899911
000000007816022023065999910
000000007816022023065999911
000000007016022023070099910
000000007016022023110199920
000000007016022023130399921
000000007016022023130399911
000000731516022023070199910
000000731516022023121199920
000000731516022023131699921
000000731516022023165099911
000000452816022023070199910
000000452816022023070399911
000000639116022023070199910
000000639116022023111199920
000000639116022023121499921
000000639116022023160299911
000000007516022023070199910
000000007516022023070199911
000000029016022023070299910
000000029016022023114599920
000000029016022023134599921
000000029016022023171099911
000000006816022023070599910
000000006816022023070599911
000000239516022023070599910
000000239516022023153299920
000000239516022023163399921
000000239516022023163399921
000000239516022023164399911
000000006716022023070599910
000000006716022023070599911
000000452816022023070999910
000000452816022023071799911
000000343216022023071999910
000000343216022023132599920
000000343216022023152799921
000000343216022023132599920
000000343216022023152799921
000000343216022023172899911
000000006616022023072599911
000000006616022023072599911
000000006616022023072599911
000000190516022023072699910
000000190516022023110699920
000000190516022023130999921
000000190516022023173399911
000000021716022023072799910
000000021716022023110099920
000000021716022023130099921
000000021716022023173199911
000000758316022023072899910
000000488716022023072999910
000000488716022023114799920
000000488716022023124899921
000000488716022023163099911
000000452816022023073099910
000000452816022023130099911
000000052816022023073099910
000000052816022023122199920
000000052816022023132399921
000000052816022023164699911
000000034516022023073199910
000000034516022023115099920
000000034516022023135099921
000000034516022023173199911
000000731716022023073199910
000000731716022023121399920
000000731716022023141399921
000000731716022023173599911
000000011016022023073299910
000000011016022023110099920
000000011016022023120199921
000000011016022023120199921
000000011016022023143299911
000000846616022023074599910
000000846616022023111999920
000000846616022023133099921
000000846616022023180099911
000000483216022023074799910
000000483216022023110199920
000000483216022023120199921
000000483216022023170299911
000000781216022023075299910
000000781216022023130099920
000000781216022023140399921
000000781216022023165499911
000000416216022023075599910
000000416216022023122099920
000000416216022023132299921
000000416216022023171299911
000000695216022023075599910
000000695216022023121999920
000000695216022023132099921
000000695216022023152499911
000000268916022023075699910
000000268916022023120099920
000000268916022023130199921
000000268916022023170599911
000000197416022023075699910
000000197416022023075699930
000000197416022023080599931
000000197416022023080599931
000000197416022023081099930
000000197416022023081699931
000000197416022023082399930
000000197416022023093399931
000000197416022023094499930
000000197416022023120099931
000000197416022023095699930
000000197416022023100099931
000000197416022023102399930
000000197416022023120099931
000000197416022023120099920
000000197416022023130199921
000000197416022023130199930
000000028716022023075699910
000000028716022023075699930
000000028716022023080399931
000000028716022023080399911
000000408916022023075799910
000000408916022023120999920
000000408916022023131099921
000000408916022023170099911
000000292616022023075899910
000000292616022023080699911
000000210616022023075899910
000000210616022023115699920
000000210616022023125799921
000000210616022023170099911
000000689216022023080099910
000000689216022023122599920
000000689216022023132699921
000000689216022023145799911
000000738216022023080099910
000000738216022023110099920
000000738216022023130099921
000000738216022023180099911
000000302616022023080099910
000000302616022023120799920
000000302616022023130899921
000000302616022023170099911
000000225416022023080199910
000000225416022023112499920
000000225416022023122699921
000000225416022023122699921
000000225416022023170099911
000000906316022023080299910
000000906316022023120599920
000000906316022023130899921
000000906316022023170199911
000000030616022023080499910
000000030616022023125199920
000000030616022023135399921
000000767516022023080899910
000000767516022023120899920
000000767516022023131399921
000000767516022023171099911
000000083616022023080899910
000000083616022023162199911
000000063816022023081099910
000000063816022023081099911
000000028716022023084599910
000000028716022023121599920
000000028716022023131799921
000000028716022023170099911
000000746716022023085399910
000000746716022023130499920
000000746716022023143599921
000000746716022023162399930
000000746716022023165499931
000000746716022023181199911
000000764116022023085699910
000000764116022023114699920
000000764116022023124799921
000000764116022023182099911
000000890116022023085999910
000000694016022023090099910
000000694016022023122599920
000000694016022023133299921
000000694016022023181499911
000000609916022023091099910
000000609916022023122399920
000000609916022023132599921
000000609916022023150099911
000000830916022023102599910
000000830916022023115599920
000000830916022023125699921
000000830916022023153399911
000000859016022023105499910
000000859016022023152199920
000000859016022023162199921
000000859016022023193099911
000000883716022023105699910
000000883716022023141499920
000000883716022023151599921
000000883716022023141499920
000000883716022023195599911
000000007816022023105899910
000000007816022023125999921
000000007816022023125999911
000000006816022023105899910
000000006816022023105899920
000000006816022023130199921
000000006816022023130199911
000000006616022023105899910
000000006616022023105899920
000000006616022023115999921
000000006616022023115999921
000000006616022023115999911
000000414416022023105999910
000000414416022023142799920
000000414416022023152899921
000000414416022023182299911
000000006716022023110099910
000000006716022023110099920
000000006716022023130099921
000000006516022023110099910
000000006516022023110099920
000000006516022023130099921
000000006516022023130099911
000000007916022023110099910
000000007916022023110099920
000000007916022023130099921
000000905916022023110399910
000000905916022023110499911
000000758316022023110999910
000000758316022023111099940
000000758316022023121099941
000000758316022023124199911
000000007516022023111099910
000000007516022023111099920
000000007516022023130999921
000000007516022023130999911
000000409716022023114499910
000000409716022023144699911
000000292616022023122099910
000000292616022023122099920
000000292616022023132499921
000000292616022023170499911
000000758316022023124799910
000000758316022023174699911
000000149416022023130099910
000000149416022023130499911
000000452816022023130499910
000000452816022023131999920
000000452816022023142099921
000000452816022023181899911
000000006616022023142899910
000000006616022023143099911
000000030616022023144499910
000000030616022023184499911
000000689216022023151699910
000000689216022023153599911
000000007416022023152899910
000000007416022023152899911
000000695216022023153899910
000000695216022023171199911
000000006816022023153999910
000000006816022023153999911
000000007816022023153999910
000000007816022023153999910
000000007816022023153999910
000000007816022023153999910
000000007816022023153999910
000000007816022023153999911
000000007016022023154299910
000000007016022023154299911
000000590916022023154699910
000000590916022023154699911
000000006516022023160499910
000000006516022023160499911
000000006716022023162099910
000000006716022023162099911
000000006716022023162099911
000000007516022023162199910
000000007516022023162199910
000000007516022023162199911
000000007516022023162199911
000000007916022023163099910
000000007916022023163099911
000000689216022023165599910
000000689216022023165599911
000000063816022023171999910
000000063816022023171999911
000000005716022023173699910
000000005716022023173699911
000000149416022023181299910
000000149416022023181299920
000000149416022023191899921
000000149416022023191899911
000000030616022023184499910
000000030616022023184499911
000000905916022023210599910
000000905916022023210599911
000000149416022023214399910
000000149416022023214399911
