000000036606022023055099901
000000036606022023064599905
000000036606022023095699906
000000036606022023100999905
000000036606022023103699906
000000036606022023110299905
000000036606022023121599906
000000036606022023123699903
000000036606022023135499904
000000036606022023135499905
000000036606022023145099906
000000036606022023145999905
000000036606022023150599906
000000036606022023153299905
000000036606022023155999906
000000036606022023163699902
000000006106022023062799901
000000006106022023095699905
000000006106022023124299906
000000006106022023124299903
000000006106022023134699904
000000006106022023134699905
000000006106022023141699906
000000006106022023143599905
000000006106022023165699906
000000006106022023194199902
000000007306022023063499901
000000007306022023104499905
000000007306022023121099906
000000007306022023123799905
000000007306022023124499906
000000007306022023130199903
000000007306022023140799904
000000007306022023141699905
000000007306022023145899906
000000007306022023160299905
000000007306022023164999906
000000007306022023203799902
000000009306022023063899901
000000009306022023083599905
000000009306022023084999906
000000009306022023100199905
000000009306022023102199906
000000009306022023111199905
000000009306022023114799906
000000009306022023120299903
000000009306022023130199904
000000009306022023142099905
000000009306022023142199906
000000009306022023151899905
000000009306022023153999906
000000009306022023153999902
000000044906022023063999901
000000044906022023094299905
000000044906022023102699906
000000044906022023103399905
000000044906022023105499906
000000044906022023112199905
000000044906022023123999906
000000044906022023124399903
000000044906022023142999904
000000044906022023150299905
000000044906022023153799906
000000044906022023155899905
000000044906022023172399906
000000044906022023194099902
000000042106022023064399901
000000042106022023064399905
000000042106022023090499906
000000042106022023103899905
000000042106022023111899906
000000042106022023111899903
000000042106022023123899904
000000042106022023125999905
000000042106022023161899906
000000042106022023164099902
000000005906022023064799901
000000005906022023064799905
000000005906022023083699906
000000005906022023115699905
000000005906022023115699906
000000005906022023115699903
000000005906022023130199904
000000005906022023141999905
000000005906022023143399906
000000005906022023145899905
000000005906022023155099906
000000005906022023155499905
000000005906022023171899906
000000005906022023184199902
000000006906022023070699901
000000006906022023114099905
000000006906022023120099906
000000006906022023120699905
000000006906022023130499906
000000006906022023131399903
000000006906022023141599904
000000006906022023141599905
000000006906022023152599906
000000006906022023153299905
000000006906022023154999906
000000006906022023165899905
000000006906022023170799906
000000006906022023173699902
000000047306022023070999901
000000047306022023110999905
000000047306022023112899906
000000047306022023112899903
000000047306022023123999904
000000047306022023125499905
000000047306022023135499906
000000047306022023161499902
000000024206022023071899901
000000024206022023072899905
000000024206022023115799906
000000024206022023115799902
000000027306022023072099901
000000027306022023072099905
000000027306022023122499906
000000027306022023122499903
000000027306022023131399904
000000027306022023131399905
000000027306022023165399906
000000027306022023165399902
000000042106022023165299901
000000042106022023180799902
