000000083602022023081899911
000000007602022023050799910
000000007602022023130699911
000000171102022023055599910
000000171102022023111599920
000000171102022023121799921
000000171102022023150499911
000000609902022023055699910
000000609902022023091099911
000000634102022023055699910
000000634102022023100399920
000000634102022023110499921
000000634102022023163599911
000000409702022023055699910
000000409702022023090599930
000000409702022023095199931
000000409702022023095299920
000000409702022023110199921
000000409702022023160799911
000000487402022023055899910
000000487402022023110299920
000000487402022023120499921
000000487402022023152099911
000000011002022023055899910
000000011002022023072999911
000000007802022023055999910
000000007802022023073999911
000000296402022023060099910
000000296402022023060099911
000000483202022023060099910
000000483202022023102299911
000000300902022023060099910
000000300902022023100199920
000000300902022023110199921
000000300902022023141699911
000000652402022023060199910
000000652402022023102599920
000000652402022023112899921
000000652402022023145199911
000000487502022023060499910
000000487502022023103199920
000000487502022023113299921
000000487502022023103199920
000000487502022023164799911
000000296402022023061299910
000000296402022023103699911
000000007002022023062699910
000000007002022023101799920
000000007002022023111799921
000000007002022023111799911
000000525102022023062899910
000000525102022023103299920
000000525102022023113499921
000000525102022023150899911
000000005702022023062899910
000000005702022023080499911
000000029002022023065499910
000000029002022023130099920
000000029002022023150099921
000000029002022023173099911
000000239502022023065599910
000000239502022023110299920
000000239502022023120399921
000000239502022023162099911
000000639102022023065599910
000000639102022023113799920
000000639102022023124399921
000000639102022023153699911
000000590902022023065599910
000000590902022023065599911
000000007402022023065799910
000000007402022023065899911
000000591302022023065899910
000000591302022023125699920
000000591302022023135699921
000000591302022023165299911
000000006702022023065899910
000000006702022023065899911
000000007902022023065899910
000000007902022023065899911
000000007302022023065899910
000000007302022023115599920
000000007302022023125699921
000000007302022023115599920
000000007302022023173099911
000000006502022023065999910
000000006502022023065999911
000000689202022023065999910
000000689202022023114999920
000000689202022023125199921
000000689202022023125199921
000000689202022023175699911
000000007502022023065999910
000000007502022023065999911
000000830902022023065999910
000000830902022023120999920
000000830902022023131199921
000000830902022023120999920
000000830902022023163699911
000000731502022023070299910
000000731502022023120399920
000000731502022023130499921
000000731502022023183599911
000000006802022023070299910
000000006802022023091899930
000000006802022023105899931
000000006802022023110799920
000000006802022023120899921
000000006802022023132399911
000000590902022023071799910
000000590902022023112499920
000000590902022023122799921
000000590902022023163699911
000000021702022023072699910
000000021702022023113699920
000000021702022023133499921
000000021702022023173099911
000000034502022023072699910
000000034502022023121699920
000000034502022023141599921
000000034502022023180099911
000000190502022023072899910
000000190502022023110599920
000000190502022023130699921
000000488702022023072899910
000000488702022023113999920
000000488702022023124099921
000000731702022023072999910
000000731702022023120599920
000000731702022023140599921
000000268902022023073099910
000000268902022023080799911
000000052802022023073099910
000000052802022023120999920
000000052802022023131099921
000000052802022023165099911
000000343202022023073899910
000000343202022023122099920
000000343202022023141899921
000000343202022023171399911
000000007802022023074199910
000000007802022023103899911
000000416202022023074299910
000000416202022023082299930
000000416202022023085899931
000000416202022023125299920
000000416202022023135299921
000000416202022023162199911
000000011002022023074999910
000000781202022023075399910
000000781202022023115099920
000000781202022023125299921
000000781202022023160699911
000000028702022023075699910
000000028702022023080299911
000000408902022023075899910
000000408902022023113099920
000000408902022023123199921
000000408902022023170399911
000000292602022023075899910
000000292602022023080299911
000000846602022023075999910
000000846602022023125699920
000000846602022023145999921
000000030602022023075999910
000000030602022023080299911
000000738202022023080099910
000000738202022023121099920
000000738202022023141199921
000000738202022023180499911
000000302602022023080099910
000000302602022023120599920
000000302602022023130699921
000000302602022023170099911
000000063802022023080199910
000000063802022023122699920
000000063802022023132799921
000000063802022023174199911
000000906302022023080199910
000000906302022023111399920
000000906302022023121599921
000000906302022023171099911
000000225402022023080199910
000000225402022023123099920
000000225402022023133299921
000000225402022023170199911
000000030602022023080899910
000000030602022023124199911
000000028702022023081099910
000000028702022023120699920
000000028702022023130999921
000000028702022023163399911
000000746702022023085099910
000000746702022023130799920
000000746702022023144099921
000000746702022023181499911
000000905902022023085799910
000000905902022023085799911
000000890102022023085799910
000000890102022023130499920
000000890102022023140999921
000000890102022023172599911
000000694002022023090199910
000000694002022023123299920
000000694002022023134099921
000000694002022023181399911
000000609902022023095699910
000000609902022023100099920
000000609902022023110299921
000000609902022023110999911
000000758302022023095799910
000000758302022023132399911
000000483202022023103399910
000000483202022023103399920
000000483202022023113599921
000000483202022023113599911
000000296402022023104299910
000000296402022023104299920
000000296402022023114499921
000000296402022023161799911
000000414402022023105599910
000000414402022023151199920
000000414402022023161199921
000000414402022023200599911
000000859002022023105699910
000000859002022023145199920
000000859002022023155699921
000000859002022023191799911
000000764102022023105699910
000000764102022023151699920
000000764102022023161799921
000000764102022023205299911
000000007402022023105799910
000000007402022023105799910
000000007402022023105799910
000000007402022023105799920
000000007402022023125899921
000000007402022023105799920
000000007402022023125899921
000000007502022023105999910
000000007502022023105999910
000000007502022023105999920
000000007502022023130299921
000000007502022023130299921
000000006702022023110099910
000000006702022023110099920
000000006702022023130099921
000000006702022023110099910
000000883702022023110099910
000000883702022023142499920
000000883702022023152699921
000000883702022023142499920
000000883702022023152699921
000000883702022023205099911
000000007902022023110199910
000000007902022023110199920
000000007902022023130199921
000000007902022023130199911
000000007802022023110399910
000000007802022023110399920
000000007802022023130399921
000000007802022023130399911
000000268902022023111199910
000000268902022023111199920
000000268902022023121399921
000000268902022023131699911
000000609902022023111599910
000000007002022023112099910
000000007002022023145899911
000000452802022023114599910
000000452802022023123299920
000000452802022023133799921
000000452802022023151499911
000000006502022023115699910
000000006502022023115699920
000000006502022023125799921
000000006502022023125799911
000000292602022023121399910
000000292602022023121399920
000000292602022023131499921
000000292602022023131499911
000000030602022023124699910
000000030602022023124699920
000000030602022023134899921
000000030602022023165699911
000000007402022023125899911
000000006702022023130099911
000000006702022023130099911
000000007502022023130299911
000000149402022023130399910
000000149402022023130399911
000000483202022023135199910
000000483202022023150299911
000000030602022023140299910
000000030602022023162299911
000000268902022023140499910
000000268902022023170199911
000000758302022023150199910
000000758302022023180999920
000000758302022023191099921
000000007002022023150499910
000000007002022023150499911
000000005702022023151799910
000000005702022023165399911
000000006802022023153699910
000000006802022023153699910
000000006802022023153699911
000000452802022023155099911
000000083602022023160299910
000000083602022023160299910
000000296402022023161999910
000000296402022023161999911
000000006502022023162699910
000000006502022023162699911
000000007802022023162799910
000000007802022023162799911
000000007502022023162899910
000000007502022023162899911
000000007402022023163399910
000000007402022023163399911
000000006702022023163699910
000000006702022023163699911
000000007902022023164299910
000000007902022023164299911
000000030602022023170099910
000000030602022023170099911
000000028702022023170199910
000000028702022023180899911
000000292602022023170199910
000000292602022023170199911
000000905902022023180999910
000000905902022023180999911
000000149402022023181299910
000000149402022023181299920
000000149402022023191399921
000000149402022023191399911
000000149402022023211999910
000000149402022023213599911
