000000007825022023052899910
000000007825022023130499911
000000609925022023055699910
000000609925022023100199911
000000171125022023055999910
000000171125022023125899911
000000409725022023060199910
000000409725022023060299911
000000639125022023065499910
000000639125022023134799920
000000639125022023144899921
000000639125022023144899911
000000590925022023065599910
000000590925022023115699920
000000590925022023125899921
000000590925022023171899911
000000591325022023065599910
000000591325022023132599911
000000830925022023065599910
000000830925022023125499920
000000830925022023135599921
000000830925022023152699911
000000525125022023065599910
000000525125022023110699920
000000525125022023120999921
000000525125022023142899911
000000634125022023065599910
000000634125022023131699911
000000731525022023065699910
000000731525022023113599920
000000731525022023123299921
000000731525022023154499911
000000239525022023065799910
000000239525022023112199911
000000030625022023065899910
000000030625022023132399911
000000652425022023065899910
000000652425022023122099920
000000652425022023132399921
000000652425022023132399921
000000652425022023145199911
000000007425022023065999910
000000007425022023065999911
000000007625022023065999910
000000007625022023065999911
000000006625022023065999910
000000006625022023070099911
000000006725022023065999910
000000006725022023070099911
000000007925022023070099910
000000007925022023070099911
000000007525022023070099910
000000007525022023070199911
000000006825022023070299910
000000006825022023070299911
000000452825022023070599910
000000452825022023083899911
000000021725022023072699910
000000021725022023120199911
000000416225022023072699910
000000416225022023125599911
000000343225022023074399910
000000343225022023130799911
000000029025022023075599910
000000029025022023103199940
000000029025022023104699941
000000029025022023130799911
000000190525022023075699910
000000190525022023120299911
000000268925022023075799910
000000268925022023122299911
000000292625022023075799910
000000292625022023080799911
000000846625022023075799910
000000846625022023130899911
000000210625022023075899910
000000210625022023120099911
000000483225022023075899910
000000488725022023075899910
000000488725022023120099911
000000738225022023080099910
000000738225022023120099911
000000689225022023080099910
000000689225022023120499920
000000689225022023131099921
000000689225022023150599911
000000063825022023080099910
000000063825022023080199911
000000767525022023080199910
000000767525022023120599911
000000225425022023080199910
000000225425022023120999911
000000302625022023080199910
000000302625022023120099911
000000731725022023080199910
000000731725022023120199911
000000408925022023080599910
000000408925022023120299911
000000906325022023080699910
000000906325022023133699911
000000028725022023081699910
000000028725022023081699930
000000028725022023113499931
000000028725022023113499931
000000028725022023120399930
000000028725022023121399931
000000028725022023121499911
000000781225022023082299910
000000781225022023133799940
000000781225022023135699941
000000781225022023135699911
000000083625022023082899910
000000452825022023083599910
000000452825022023135799920
000000452825022023145799921
000000452825022023152299911
000000694025022023090099910
000000694025022023130399911
000000746725022023091299910
000000746725022023133299940
000000746725022023135099941
000000746725022023142699911
000000414425022023095599910
000000414425022023140299920
000000414425022023150399921
000000414425022023195499911
000000764125022023100699910
000000764125022023152199911
000000052825022023105099910
000000052825022023105399911
000000890125022023105399910
000000890125022023163399911
000000006625022023105899910
000000006625022023105899920
000000006625022023115999921
000000006625022023122599911
000000007425022023105999910
000000007425022023105999920
000000007425022023115999921
000000007425022023115999911
000000007525022023105999910
000000007525022023105999920
000000007525022023120099921
000000007525022023105999920
000000007525022023120099911
000000883725022023105999910
000000883725022023140699920
000000883725022023150499921
000000883725022023192099911
000000007925022023105999910
000000007925022023105999920
000000007925022023120099921
000000007925022023120099911
000000006825022023105999910
000000006825022023105999920
000000006825022023120199921
000000006825022023120199911
000000006725022023105999910
000000006725022023110099920
000000006725022023120099921
000000006725022023120099921
000000006725022023120099911
000000007625022023110099910
000000007625022023110099920
000000007625022023120199921
000000007625022023120199911
000000452825022023113999910
000000452825022023135499911
000000409725022023114999910
000000409725022023120099911
000000758325022023115599910
000000758325022023161999911
000000063825022023120099910
000000063825022023120099911
000000292625022023120699910
000000292625022023120799911
000000149425022023130899910
000000149425022023131199911
000000007425022023142899910
000000007425022023142899911
000000007625022023143099910
000000007625022023143099911
000000007925022023143099910
000000007925022023143099911
000000006825022023143199910
000000006825022023143199911
000000006725022023145899910
000000006725022023145899911
000000007525022023145999910
000000007525022023145999911
000000052825022023152399910
000000052825022023152499911
000000149425022023190799910
000000149425022023190799911
000000905925022023194399910
000000905925022023194399911
