000000011007022023074999911
000000028707022023042999910
000000028707022023071499911
000000007307022023045599910
000000007307022023071999911
000000007007022023050299910
000000007007022023074299911
000000525107022023055599910
000000525107022023060999911
000000609907022023055599910
000000634107022023055599910
000000634107022023055799911
000000171107022023055599910
000000171107022023055899911
000000011007022023055799910
000000011007022023061999911
000000409707022023060199910
000000409707022023073899930
000000409707022023095699931
000000409707022023095699931
000000409707022023095699931
000000409707022023095699931
000000409707022023095699920
000000409707022023105999921
000000409707022023105999930
000000409707022023123299931
000000409707022023123299931
000000409707022023123299931
000000409707022023141499911
000000296407022023060199910
000000296407022023104599920
000000296407022023114799921
000000296407022023161199911
000000487507022023060299910
000000487507022023100399920
000000487507022023110499921
000000487507022023151599911
000000300907022023060399910
000000300907022023151999911
000000634107022023061099910
000000634107022023103099920
000000634107022023113199921
000000634107022023144599911
000000525107022023061099910
000000525107022023100299920
000000525107022023110699921
000000525107022023143699911
000000171107022023062299910
000000171107022023102999920
000000171107022023113099921
000000171107022023113399911
000000007607022023063099910
000000007607022023104099911
000000292607022023064199910
000000292607022023064299911
000000292607022023064899910
000000005707022023065399910
000000005707022023083399911
000000006807022023065599910
000000006807022023065599911
000000007507022023065599910
000000007507022023065599911
000000007807022023065599910
000000007807022023065599911
000000006707022023065599910
000000006707022023065599930
000000006707022023071999931
000000006707022023074699930
000000006707022023080799931
000000006707022023074699930
000000006707022023090299930
000000006707022023101399931
000000006707022023113599920
000000006707022023123599921
000000006707022023113599920
000000006707022023123599911
000000830907022023065599910
000000830907022023115399920
000000830907022023125499921
000000830907022023151999911
000000758307022023065599910
000000758307022023065599911
000000007407022023065599910
000000007407022023065599911
000000590907022023065599910
000000590907022023121899920
000000590907022023131999921
000000590907022023171699911
000000006607022023065699910
000000006607022023065699911
000000007907022023065799910
000000007907022023065799911
000000239507022023065899910
000000239507022023105699920
000000239507022023115799921
000000239507022023160699911
000000591307022023065899910
000000591307022023123899920
000000591307022023133899921
000000591307022023155999911
000000639107022023065899910
000000639107022023122499920
000000639107022023132599921
000000639107022023160499911
000000487407022023065999910
000000487407022023115099920
000000487407022023125399921
000000487407022023171099911
000000652407022023065999910
000000652407022023120599920
000000652407022023130799921
000000652407022023160899911
000000006507022023065999910
000000006507022023115399920
000000006507022023125599921
000000006507022023173199911
000000731707022023070099910
000000731707022023120399920
000000731707022023140399921
000000731707022023170099911
000000029007022023070299910
000000029007022023113099920
000000029007022023133099921
000000029007022023171699911
000000731507022023070499910
000000731507022023124599920
000000731507022023135799921
000000731507022023140599911
000000758307022023071599910
000000758307022023115099920
000000758307022023125199921
000000343207022023071999910
000000343207022023131299920
000000343207022023151399921
000000343207022023174399911
000000034507022023072899910
000000034507022023114799920
000000034507022023134799921
000000034507022023173499911
000000190507022023072899910
000000190507022023110799920
000000190507022023130799921
000000488707022023072899910
000000488707022023113999920
000000488707022023124099921
000000488707022023163099911
000000052807022023072899910
000000052807022023113899920
000000052807022023124099921
000000052807022023172399911
000000483207022023073199910
000000483207022023114499920
000000483207022023124599921
000000483207022023164299911
000000764107022023074099910
000000764107022023115299920
000000764107022023125499921
000000764107022023181499911
000000007307022023074499910
000000007307022023114599920
000000007307022023124699921
000000007307022023153099911
000000028707022023074899910
000000028707022023074899930
000000028707022023083399931
000000028707022023083399920
000000028707022023093699921
000000028707022023132799911
000000007007022023074999910
000000007007022023122499920
000000007007022023133399921
000000007007022023133399930
000000007007022023140699931
000000007007022023153699911
000000011007022023074999910
000000011007022023110199920
000000011007022023120299921
000000011007022023143299911
000000846607022023075499910
000000846607022023115799920
000000846607022023135499921
000000846607022023173599911
000000197407022023075599910
000000197407022023075599930
000000197407022023081199931
000000197407022023082099930
000000197407022023084899931
000000197407022023085999930
000000197407022023090499931
000000197407022023090899930
000000197407022023091499931
000000197407022023092499930
000000197407022023093299931
000000197407022023093699930
000000197407022023095299931
000000197407022023095299931
000000197407022023101199930
000000197407022023102099931
000000197407022023102299930
000000197407022023103099931
000000197407022023104299930
000000197407022023113299931
000000197407022023113299931
000000197407022023113299931
000000197407022023113299931
000000197407022023113699930
000000197407022023114299931
000000197407022023114499930
000000197407022023114899931
000000197407022023120099930
000000197407022023120399931
000000197407022023120999920
000000197407022023130999921
000000197407022023132299930
000000197407022023133099931
000000197407022023133599930
000000197407022023134899931
000000197407022023134899931
000000197407022023141299930
000000197407022023141999931
000000197407022023142299930
000000197407022023142999931
000000197407022023145899930
000000197407022023151399931
000000197407022023151399931
000000197407022023151699930
000000197407022023151799931
000000197407022023153399930
000000197407022023154099931
000000197407022023154099931
000000268907022023075599910
000000268907022023120899920
000000268907022023130999921
000000268907022023171299911
000000781207022023075599910
000000781207022023121299920
000000781207022023131399921
000000781207022023161299911
000000689207022023075699910
000000689207022023130199920
000000689207022023140299921
000000689207022023175499911
000000408907022023075799910
000000408907022023123499920
000000408907022023133599921
000000408907022023170099911
000000030607022023075899910
000000030607022023170499911
000000210607022023075899910
000000210607022023120199911
000000738207022023080099910
000000738207022023115599920
000000738207022023135699921
000000738207022023180199911
000000906307022023080199910
000000906307022023123499920
000000906307022023133699921
000000906307022023170299911
000000302607022023080199910
000000302607022023120099920
000000302607022023130199921
000000302607022023170099911
000000225407022023080299910
000000225407022023123599920
000000225407022023133799921
000000225407022023170299911
000000063807022023080699910
000000063807022023080699911
000000083607022023083099910
000000083607022023161399911
000000063807022023083599910
000000063807022023130099920
000000063807022023140299921
000000063807022023170899911
000000746707022023085099910
000000746707022023130599920
000000746707022023143599921
000000746707022023181599911
000000890107022023085499910
000000890107022023120399920
000000890107022023130999921
000000890107022023180099911
000000694007022023085999910
000000694007022023125199920
000000694007022023140499921
000000694007022023180399911
000000030607022023093799910
000000030607022023120299920
000000030607022023130399921
000000030607022023141199911
000000300907022023103199910
000000300907022023103199920
000000300907022023113299921
000000300907022023123399911
000000609907022023103499910
000000609907022023132399920
000000609907022023142499921
000000609907022023172399911
000000007607022023104199910
000000007607022023104299920
000000007607022023114399921
000000007607022023154999911
000000859007022023105599910
000000859007022023141099920
000000859007022023151299921
000000859007022023192399911
000000007907022023105799910
000000007907022023105799920
000000007907022023125899921
000000007907022023125899911
000000414407022023105899910
000000414407022023143799920
000000414407022023153899921
000000414407022023192499911
000000007407022023105899910
000000007407022023105899920
000000007407022023125899921
000000007407022023125899911
000000006607022023105899910
000000006607022023105899920
000000006607022023125999921
000000006607022023125999911
000000007507022023105999910
000000007507022023105999920
000000007507022023130099921
000000007507022023130099911
000000006807022023105999910
000000006807022023105999920
000000006807022023130199921
000000006807022023130199911
000000883707022023110599910
000000883707022023140899920
000000883707022023150899921
000000883707022023192399911
000000021707022023110899910
000000021707022023110899920
000000021707022023130899921
000000021707022023173099911
000000171107022023113399910
000000007807022023115799910
000000007807022023115799920
000000007807022023125999921
000000007807022023125999921
000000007807022023125999911
000000210607022023120399910
000000210607022023120399920
000000210607022023130499921
000000210607022023173199911
000000149407022023125699910
000000149407022023125699911
000000028707022023133899910
000000028707022023141699911
000000731507022023140499910
000000731507022023182099911
000000409707022023142699910
000000409707022023181599911
000000030607022023143499910
000000030607022023164299911
000000758307022023152799910
000000758307022023175099911
000000006707022023153399910
000000006707022023153399911
000000006607022023155299910
000000006607022023155299911
000000007807022023160299910
000000007807022023160499911
000000005707022023160999910
000000005707022023173199911
000000007007022023162899910
000000007007022023163099911
000000007407022023162899910
000000007407022023162899911
000000007507022023163299910
000000007507022023163299911
000000007907022023164399910
000000007907022023164399911
000000006807022023164499910
000000006807022023164499911
000000695207022023164699910
000000695207022023182099911
000000030607022023170499910
000000030607022023170499911
000000292607022023170599910
000000292607022023170699911
000000149407022023180999910
000000149407022023180999920
000000149407022023191299921
000000149407022023214799911
