000000731727052023080599911
000000007327052023050099910
000000011027052023060199910
000000011027052023065599911
000000525127052023060299910
000000525127052023060399911
000000300927052023060799910
000000300927052023135999911
000000029027052023063099910
000000029027052023125099940
000000029027052023130599941
000000029027052023131199911
000000591327052023065599910
000000591327052023121999920
000000591327052023132199921
000000591327052023162599911
000000007927052023065699910
000000007927052023065699911
000000006727052023065799910
000000006727052023065799911
000000639127052023065799910
000000639127052023105999920
000000639127052023120399921
000000639127052023164199911
000000007727052023065799910
000000007727052023065899911
000000758327052023065899910
000000758327052023122199920
000000758327052023132299921
000000758327052023165199911
000000007827052023065999910
000000007827052023085799911
000000452827052023065999910
000000452827052023121999920
000000452827052023132299921
000000452827052023134899911
000000239527052023070799910
000000239527052023103599911
000000416227052023071899910
000000416227052023110999930
000000416227052023113099931
000000416227052023130199911
000000153327052023071999910
000000153327052023124599940
000000153327052023130099941
000000153327052023130099911
000000306827052023072099910
000000306827052023113499940
000000306827052023114999941
000000306827052023142299911
000000021727052023072799910
000000126427052023073699910
000000126427052023073699930
000000126427052023081499931
000000126427052023112799930
000000126427052023113999931
000000126427052023114099940
000000126427052023115699941
000000126427052023115699930
000000126427052023123799931
000000126427052023124699911
000000266427052023075299910
000000266427052023123199911
000000695227052023075599910
000000695227052023120399911
000000197427052023075599910
000000197427052023075599930
000000197427052023082499931
000000197427052023104099930
000000197427052023104299931
000000197427052023110199930
000000197427052023111799931
000000197427052023111999930
000000197427052023120399931
000000631827052023075599910
000000631827052023075599930
000000631827052023083699931
000000631827052023115899911
000000083627052023075599910
000000083627052023120699911
000000634127052023075699910
000000028727052023075699910
000000028727052023075699930
000000028727052023082699931
000000028727052023112699930
000000028727052023115899931
000000028727052023120099911
000000268927052023075899910
000000268927052023075899930
000000268927052023120299931
000000268927052023120399911
000000292627052023075899910
000000292627052023084899911
000000609927052023075899910
000000609927052023080099911
000000190527052023075999910
000000190527052023120499911
000000488727052023075999910
000000488727052023120199911
000000906327052023080099910
000000906327052023132399911
000000738227052023080099910
000000738227052023120099911
000000225427052023080099910
000000225427052023121599911
000000731727052023080599910
000000767527052023080799910
000000767527052023120199911
000000292127052023080799910
000000292127052023125799911
000000299127052023080899910
000000299127052023122399911
000000742527052023081299910
000000742527052023120899911
000000689227052023081799910
000000689227052023114999920
000000689227052023125099921
000000689227052023153399911
000000846627052023081999910
000000846627052023130599911
000000483227052023085699910
000000483227052023085799911
000000052827052023085799910
000000052827052023085999911
000000694027052023090399910
000000694027052023133899911
000000746727052023091099910
000000746727052023133799940
000000746727052023135299941
000000746727052023141699911
000000525127052023091299910
000000525127052023101199920
000000525127052023111299921
000000525127052023134399911
000000052827052023093599910
000000052827052023140899911
000000300927052023094599910
000000300927052023100599920
000000300927052023111099921
000000006727052023105899910
000000006727052023115899921
000000006727052023115899921
000000006727052023115899911
000000414427052023110199910
000000414427052023144699920
000000414427052023154799921
000000414427052023181099911
000000883727052023110799910
000000883727052023144599920
000000883727052023154599921
000000883727052023144599920
000000883727052023192299911
000000149427052023111599910
000000149427052023111599911
000000292627052023121199910
000000292627052023121199911
000000905927052023125599910
000000905927052023184199911
000000483227052023125699910
000000483227052023125699911
000000006727052023140199910
000000006727052023140199911
000000525127052023142199911
000000525127052023142199911
000000149427052023150599910
000000149427052023150599920
000000149427052023160999921
000000149427052023150599920
000000149427052023175599911
