000000007029032023060199921
000000007029032023060199911
000000028729032023043299910
000000028729032023072099911
000000007429032023050099910
000000007429032023112299920
000000007429032023122299921
000000007429032023112299920
000000007429032023112299920
000000007429032023112299920
000000007429032023133099911
000000007729032023050099910
000000007729032023074399911
000000006529032023050099910
000000006529032023081799911
000000609929032023055599910
000000609929032023084199911
000000171129032023055599910
000000171129032023055999911
000000011029032023055799910
000000011029032023072299911
000000007029032023060199910
000000007029032023060299911
000000409729032023060299910
000000409729032023070799930
000000409729032023100199931
000000409729032023100199911
000000634229032023060399910
000000634229032023101699920
000000634229032023111899921
000000634229032023111999930
000000634229032023131899931
000000634229032023142199911
000000300929032023060399910
000000300929032023100799911
000000487529032023060499910
000000487529032023060499911
000000296429032023060599910
000000296429032023060699911
000000525129032023061199910
000000525129032023104599920
000000525129032023114799921
000000525129032023142199911
000000487529032023061599910
000000487529032023084999911
000000171129032023061599910
000000171129032023095999920
000000171129032023110599921
000000171129032023115099911
000000306829032023062199910
000000306829032023110399920
000000306829032023130399921
000000005729032023062599910
000000005729032023100899911
000000452829032023065499910
000000452829032023070399911
000000007829032023065499910
000000007829032023105999920
000000007829032023105999920
000000830929032023065599910
000000830929032023122399920
000000830929032023132599921
000000830929032023151799911
000000007329032023065599910
000000007329032023113499920
000000007329032023123699921
000000007329032023113499920
000000007329032023123699921
000000007329032023173099911
000000634129032023065599910
000000634129032023104799920
000000634129032023114999921
000000634129032023104799920
000000634129032023153799911
000000590929032023065599910
000000590929032023121099920
000000590929032023131299921
000000590929032023171099911
000000083629032023065599910
000000083629032023070399930
000000083629032023081599931
000000083629032023112499930
000000083629032023120999931
000000083629032023112499930
000000083629032023120999931
000000083629032023120999920
000000083629032023141499921
000000083629032023141599930
000000083629032023153899931
000000083629032023170399911
000000009129032023065599910
000000009129032023114099920
000000009129032023134199921
000000007929032023065699910
000000007929032023065699911
000000500729032023065699910
000000500729032023081499930
000000500729032023102699931
000000500729032023105799911
000000296429032023065799910
000000296429032023111899920
000000296429032023122099921
000000296429032023161099911
000000731529032023065899910
000000731529032023110699920
000000731529032023120899921
000000731529032023153099911
000000591329032023065899910
000000591329032023124499920
000000591329032023134599921
000000591329032023165599911
000000007529032023070199910
000000007529032023070199911
000000689229032023070199910
000000689229032023121699920
000000689229032023131899921
000000689229032023152899911
000000239529032023070299910
000000239529032023113999920
000000239529032023124099921
000000239529032023161099911
000000652429032023070499910
000000652429032023070599911
000000452829032023070899910
000000452829032023120499920
000000452829032023130899921
000000452829032023164799911
000000622229032023071399910
000000622229032023071399911
000000190529032023072199910
000000190529032023110899920
000000190529032023130899921
000000034529032023072599910
000000034529032023114999920
000000034529032023134999921
000000034529032023182099911
000000268929032023072699910
000000268929032023115099920
000000268929032023125199921
000000052829032023072699910
000000052829032023114299920
000000052829032023124499921
000000052829032023163099911
000000488729032023072799910
000000488729032023115999920
000000488729032023130099921
000000021729032023072899910
000000021729032023113099920
000000021729032023133299921
000000021729032023173099911
000000731729032023072899910
000000731729032023120399920
000000731729032023140499921
000000731729032023173099911
000000535129032023072899910
000000535129032023114099920
000000535129032023124399921
000000266429032023075099910
000000266429032023122099920
000000266429032023133199921
000000416229032023075599910
000000416229032023075599930
000000416229032023084099931
000000416229032023111999930
000000416229032023115499931
000000416229032023120399920
000000416229032023140399921
000000416229032023174399911
000000063829032023075599910
000000063829032023132299920
000000063829032023142499921
000000063829032023173099911
000000631829032023075699910
000000631829032023075799930
000000631829032023080099931
000000631829032023080099911
000000197429032023075699910
000000197429032023080899931
000000197429032023082799930
000000197429032023084499931
000000197429032023085599930
000000197429032023090399931
000000197429032023093199930
000000197429032023094799931
000000197429032023093199930
000000197429032023093199930
000000197429032023093199930
000000197429032023093199930
000000197429032023093199930
000000197429032023104299930
000000197429032023112899931
000000197429032023114699930
000000197429032023115399931
000000197429032023121099920
000000197429032023131199921
000000197429032023131999930
000000197429032023134599931
000000197429032023141099930
000000197429032023142699931
000000197429032023145699930
000000197429032023150699931
000000197429032023152799930
000000197429032023153299931
000000197429032023153899930
000000197429032023155999931
000000197429032023162999930
000000197429032023163799931
000000197429032023162999930
000000197429032023164199930
000000197429032023165799931
000000197429032023165799911
000000408929032023075799910
000000408929032023113699920
000000408929032023123799921
000000408929032023170099911
000000210629032023075799910
000000210629032023115999920
000000210629032023130099921
000000210629032023183299911
000000695229032023075799910
000000695229032023120199920
000000695229032023130299921
000000695229032023120199920
000000695229032023171299911
000000302629032023080099910
000000302629032023120099920
000000302629032023130199921
000000302629032023170099911
000000694029032023080199910
000000694029032023120799920
000000694029032023131899921
000000694029032023170799911
000000738229032023080199910
000000738229032023130999920
000000738229032023150999921
000000738229032023180099911
000000846629032023080299910
000000846629032023121999920
000000846629032023135999921
000000846629032023174699911
000000906329032023080399910
000000906329032023123299911
000000030629032023080499910
000000030629032023121299920
000000030629032023131599921
000000030629032023170399911
000000225429032023080499910
000000225429032023125499920
000000225429032023135699921
000000225429032023170299911
000000028729032023080699910
000000028729032023080699930
000000028729032023083099931
000000028729032023083299920
000000028729032023093399921
000000028729032023123399930
000000028729032023133699931
000000028729032023133699911
000000292129032023080699910
000000292129032023133299920
000000292129032023143499921
000000292129032023171199911
000000622229032023084299910
000000622229032023114599911
000000890129032023085699910
000000890129032023124099920
000000890129032023134399921
000000890129032023180099911
000000746729032023085899910
000000746729032023114899920
000000746729032023132499921
000000746729032023181299911
000000487529032023094099911
000000487529032023094099911
000000487529032023094199910
000000487529032023100899920
000000487529032023111099921
000000487529032023141399911
000000007029032023094999910
000000007029032023095099920
000000007029032023105499921
000000005729032023101099910
000000005729032023101099920
000000005729032023111099921
000000300929032023101299910
000000300929032023105599920
000000300929032023115799921
000000300929032023153999911
000000859029032023105699910
000000859029032023143599920
000000859029032023153799921
000000859029032023191999911
000000764129032023105699910
000000764129032023141599920
000000764129032023152099921
000000764129032023190799911
000000414429032023105799910
000000414429032023142699920
000000414429032023152799921
000000414429032023194699911
000000007529032023105999910
000000007529032023105999920
000000007529032023130299921
000000007529032023130299911
000000007729032023110099910
000000007729032023110099920
000000007729032023120199921
000000007729032023153099911
000000409729032023110399910
000000409729032023110399920
000000409729032023120599921
000000409729032023120599930
000000409729032023131299931
000000409729032023141699911
000000631829032023114199910
000000631829032023114199930
000000631829032023115999931
000000631829032023120099920
000000631829032023130199921
000000631829032023130199930
000000631829032023132499931
000000631829032023141999930
000000631829032023165899931
000000631829032023165899911
000000500729032023114699910
000000500729032023121799920
000000500729032023132599921
000000500729032023132599930
000000500729032023143399931
000000500729032023151699911
000000007929032023114999910
000000007929032023114999920
000000007929032023125099921
000000007929032023125099911
000000609929032023115399910
000000609929032023115399910
000000609929032023115399910
000000609929032023115399910
000000906329032023123399910
000000906329032023123399920
000000906329032023133499921
000000906329032023170099911
000000622229032023123899910
000000622229032023123899920
000000622229032023134499921
000000622229032023155999911
000000609929032023115399920
000000609929032023125499921
000000609929032023125599911
000000149429032023130499910
000000149429032023130599911
000000299129032023132799910
000000299129032023132799911
000000299129032023132999910
000000299129032023155199911
000000487529032023142099910
000000487529032023142099911
000000905929032023145699910
000000905929032023190099920
000000905929032023200099921
000000905929032023202299911
000000609929032023150299910
000000609929032023150299911
000000652429032023151399910
000000171129032023153099910
000000171129032023153199911
000000007529032023161199910
000000007529032023161199911
000000007829032023161799910
000000007829032023161799911
000000296429032023161799910
000000296429032023161799911
000000009129032023161799910
000000009129032023161799911
000000197429032023170099910
000000197429032023173899911
000000153329032023120499920
000000153329032023173299911
000000149429032023174099910
000000149429032023174099920
000000149429032023184199921
000000149429032023184299911
000000609929032023115399920
