000000622219052023071799911
000000028719052023042899910
000000028719052023071999911
000000005719052023050099910
000000005719052023061999911
000000007719052023050099910
000000007719052023075799911
000000007319052023050199910
000000007319052023080599911
000000006819052023050199910
000000006819052023092799930
000000006819052023110399931
000000006819052023092799930
000000006819052023111699920
000000006819052023121799921
000000006819052023134799911
000000011019052023050599910
000000011019052023061899911
000000171119052023055799910
000000171119052023055999911
000000409719052023055799910
000000409719052023090499930
000000409719052023095199931
000000409719052023095199931
000000409719052023095199920
000000409719052023105299921
000000409719052023141799911
000000525119052023055899910
000000525119052023105099920
000000525119052023115599921
000000525119052023141199911
000000483219052023055899910
000000483219052023123999920
000000483219052023134099921
000000487519052023055999910
000000487419052023055999910
000000487419052023101399920
000000487419052023111799921
000000487419052023160799911
000000300919052023055999910
000000300919052023100499911
000000296419052023060099910
000000296419052023100299920
000000296419052023110299921
000000296419052023161599911
000000007019052023060299910
000000007019052023060299911
000000006619052023061199910
000000006619052023101199911
000000652419052023061699910
000000652419052023102799911
000000487519052023062099910
000000487519052023100199920
000000487519052023110499921
000000487519052023182099911
000000011019052023062099910
000000011019052023110399920
000000011019052023120399921
000000011019052023133099911
000000005719052023062499910
000000005719052023074899911
000000634219052023064799910
000000634219052023145399911
000000007519052023065299910
000000007519052023065299911
000000639119052023065599910
000000639119052023065599911
000000731519052023065699910
000000731519052023112299920
000000731519052023122399921
000000731519052023160999911
000000830919052023065699910
000000830919052023121699920
000000830919052023131799921
000000830919052023121699920
000000830919052023162699911
000000007419052023065799910
000000007419052023065799910
000000689219052023065799910
000000689219052023115799920
000000689219052023125899921
000000689219052023165999911
000000083619052023065799910
000000083619052023111299920
000000083619052023130599921
000000083619052023171499911
000000007919052023065899910
000000007919052023065899910
000000007919052023065899910
000000007919052023065899910
000000007919052023065899911
000000758319052023065899910
000000758319052023133299920
000000758319052023143299921
000000758319052023152399911
000000299119052023065999910
000000299119052023112699920
000000299119052023123299921
000000299119052023155699911
000000591319052023070199910
000000591319052023120099911
000000239519052023070899910
000000239519052023110199920
000000239519052023120199921
000000239519052023110199920
000000239519052023162299911
000000452819052023070999910
000000452819052023130699920
000000452819052023141399921
000000452819052023152299911
000000153319052023071599910
000000153319052023104599920
000000153319052023124799921
000000153319052023173799911
000000622219052023071799910
000000622219052023071799911
000000622219052023071899910
000000622219052023135899920
000000622219052023150199921
000000622219052023162999911
000000029019052023071899910
000000029019052023121599920
000000029019052023141599921
000000306819052023072099910
000000306819052023114299920
000000306819052023134299921
000000306819052023172199911
000000622219052023072199910
000000622219052023112999911
000000034519052023072699910
000000034519052023113099920
000000034519052023133099921
000000034519052023181599911
000000488719052023072699910
000000488719052023114899920
000000488719052023124899921
000000488719052023163099911
000000190519052023072699910
000000190519052023111699920
000000190519052023131599921
000000190519052023173399911
000000268919052023072799910
000000268919052023115199920
000000268919052023125299921
000000268919052023163099911
000000052819052023072799910
000000052819052023123099920
000000052819052023133299921
000000052819052023165299911
000000731719052023073199910
000000731719052023120599920
000000731719052023140699921
000000731719052023173099911
000000126419052023073599910
000000126419052023073599930
000000126419052023083599931
000000126419052023115099920
000000126419052023125199921
000000126419052023145099930
000000126419052023150499931
000000126419052023152399930
000000126419052023161499931
000000126419052023163099911
000000266419052023075099910
000000266419052023121199920
000000266419052023132199921
000000266419052023172299911
000000695219052023075599910
000000197419052023075599910
000000197419052023075599930
000000197419052023081999931
000000197419052023085199930
000000197419052023104899931
000000197419052023112999930
000000197419052023115199931
000000197419052023115199931
000000197419052023115199931
000000197419052023120399920
000000197419052023130499921
000000197419052023130799930
000000197419052023153199931
000000197419052023153199931
000000197419052023153199931
000000197419052023160699930
000000197419052023164799931
000000197419052023170799911
000000416219052023075599910
000000416219052023075599930
000000416219052023115999931
000000416219052023120099920
000000416219052023140299921
000000416219052023174299911
000000063819052023075599910
000000063819052023133099920
000000063819052023143199921
000000063819052023170799911
000000631819052023075599910
000000631819052023075599930
000000631819052023082099931
000000631819052023123699920
000000631819052023133799921
000000631819052023172299911
000000408919052023075799910
000000408919052023113999920
000000408919052023124099921
000000210619052023075899910
000000210619052023120299920
000000210619052023130399921
000000210619052023170799911
000000906319052023075999910
000000906319052023123899920
000000906319052023133999921
000000906319052023170699911
000000030619052023075999910
000000030619052023080299911
000000736119052023080099910
000000736119052023120299920
000000736119052023130399921
000000736119052023170099911
000000292619052023080099910
000000292619052023120399920
000000292619052023130399921
000000292619052023170299911
000000225419052023080099910
000000225419052023115499920
000000225419052023125899921
000000225419052023175199911
000000738219052023080099910
000000738219052023111299920
000000738219052023131399921
000000738219052023180699911
000000302619052023080199910
000000302619052023122499920
000000302619052023132599921
000000007719052023080299910
000000007719052023110699920
000000007719052023120899921
000000007719052023110699920
000000007719052023153099911
000000767519052023080399910
000000767519052023120299920
000000767519052023130599921
000000767519052023120299920
000000767519052023120299920
000000767519052023170499911
000000846619052023080799910
000000846619052023124099920
000000846619052023143499921
000000846619052023175799911
000000742519052023080999910
000000742519052023113599920
000000742519052023123699921
000000742519052023171199911
000000292119052023081299910
000000292119052023113799920
000000292119052023123899921
000000292119052023171499911
000000609919052023082899910
000000609919052023082899911
000000030619052023083299910
000000030619052023115199920
000000030619052023125299921
000000028719052023084399910
000000028719052023084499920
000000028719052023094999921
000000028719052023124699930
000000028719052023133599931
000000028719052023133899911
000000634119052023084899910
000000634119052023114299911
000000746719052023085099910
000000746719052023121599920
000000746719052023134599921
000000746719052023181699911
000000617919052023085399910
000000617919052023085699930
000000617919052023093299931
000000617919052023093299931
000000617919052023120299920
000000617919052023140099921
000000617919052023172299911
000000694019052023090299910
000000694019052023121199920
000000694019052023131799921
000000694019052023180399911
000000171119052023091699910
000000171119052023101899920
000000171119052023111999921
000000171119052023141599911
000000890119052023095499910
000000890119052023133599920
000000890119052023143699921
000000890119052023193599911
000000300919052023100599910
000000300919052023100599920
000000300919052023110699921
000000300919052023135699911
000000007419052023101999911
000000007419052023101999911
000000652419052023102999910
000000652419052023102999920
000000652419052023113199921
000000652419052023113199921
000000652419052023161699911
000000883719052023104899910
000000883719052023135399920
000000883719052023145599921
000000883719052023135399920
000000883719052023190399911
000000764119052023105599910
000000764119052023140199920
000000764119052023150799921
000000764119052023202299911
000000007419052023105999910
000000007419052023105999920
000000007419052023130099921
000000007419052023130099911
000000007919052023110199910
000000007919052023110199920
000000007919052023130199921
000000007919052023130199911
000000005719052023110399910
000000005719052023110399911
000000007519052023112999910
000000007519052023112999920
000000007519052023130099921
000000007519052023130099911
000000006619052023114099910
000000006619052023114099920
000000006619052023124499921
000000006619052023152399911
000000639119052023115299910
000000639119052023122999920
000000639119052023133499921
000000639119052023154199911
000000591319052023120199910
000000591319052023120199920
000000591319052023130199921
000000591319052023130199911
000000149419052023125999910
000000905919052023135699910
000000905919052023192599920
000000905919052023202699921
000000905919052023225199911
000000591319052023142799910
000000591319052023161999911
000000007019052023143199910
000000007019052023143199911
000000007919052023150399910
000000007919052023150399911
000000634119052023155499910
000000634119052023155699911
000000609919052023160999910
000000609919052023170399911
000000007419052023162799910
000000007419052023162799911
000000007519052023165599910
000000007519052023165599911
000000030619052023165999910
000000030619052023165999911
000000149419052023180999910
000000149419052023180999920
000000149419052023191599921
000000149419052023203699911
