000000006709052023045999910
000000006709052023045999911
000000007709052023050199910
000000007709052023101799920
000000007709052023112099921
000000007709052023101799920
000000007709052023140699911
000000007609052023054299910
000000007609052023072399911
000000007009052023055599910
000000007009052023081899930
000000007009052023093299931
000000007009052023095799920
000000007009052023095799920
000000007009052023105899930
000000007009052023113499931
000000007009052023142899911
000000488709052023055699910
000000488709052023075999911
000000171109052023055799910
000000171109052023110899920
000000171109052023121599921
000000011009052023055799910
000000011009052023072099911
000000487509052023055899910
000000487509052023100099920
000000487509052023110199921
000000487509052023140199911
000000409709052023055999911
000000409709052023055999910
000000409709052023055999911
000000634209052023060099910
000000634209052023100199920
000000634209052023110399921
000000634209052023125999930
000000634209052023131499931
000000634209052023131499931
000000634209052023161899911
000000296409052023060099910
000000296409052023105799920
000000296409052023115999921
000000296409052023171399911
000000300909052023060399910
000000300909052023100399920
000000300909052023110499921
000000300909052023144199911
000000622209052023060599910
000000622209052023060599911
000000409709052023061499910
000000409709052023090099911
000000029009052023062899910
000000029009052023120599920
000000029009052023140499921
000000029009052023172099911
000000006609052023065599910
000000006609052023065599911
000000830909052023065599910
000000830909052023123199920
000000830909052023133299921
000000830909052023153499911
000000007409052023065599910
000000007409052023065599911
000000005709052023065599910
000000005709052023114599920
000000005709052023124599921
000000005709052023132899911
000000609909052023065599910
000000609909052023120699911
000000590909052023065599910
000000590909052023122499920
000000590909052023132599921
000000590909052023150899911
000000639109052023065599910
000000639109052023131499920
000000639109052023141599921
000000639109052023151599911
000000452809052023065699910
000000452809052023121799920
000000452809052023131899921
000000452809052023142599911
000000758309052023065799910
000000758309052023120699920
000000758309052023130799921
000000758309052023153099911
000000083609052023065799910
000000083609052023070499930
000000083609052023090899931
000000083609052023145599930
000000083609052023155299931
000000083609052023172099911
000000007809052023065799910
000000007809052023065799911
000000591309052023065799910
000000591309052023115999920
000000591309052023130199921
000000591309052023151599911
000000731509052023065799910
000000731509052023111099920
000000731509052023122499921
000000731509052023152999911
000000689209052023065899910
000000689209052023124699920
000000689209052023134699921
000000689209052023164199911
000000006809052023065899910
000000006809052023085499930
000000006809052023104399931
000000006809052023113199920
000000006809052023123499921
000000006809052023113199920
000000006809052023132499911
000000487409052023065999910
000000487409052023110099920
000000487409052023120399921
000000487409052023152199911
000000500709052023070099910
000000500709052023094399930
000000500709052023111099931
000000500709052023114699911
000000007909052023070199910
000000007909052023070199911
000000652409052023070399910
000000652409052023070499911
000000239509052023070999910
000000239509052023115599920
000000239509052023125699921
000000239509052023162099911
000000153309052023071699910
000000153309052023112699920
000000153309052023132799921
000000153309052023175299911
000000306809052023072099910
000000306809052023110399920
000000306809052023123899921
000000268909052023072799910
000000268909052023122199920
000000268909052023132399921
000000268909052023162999911
000000007609052023072799910
000000007609052023091699911
000000190509052023072799910
000000190509052023111099920
000000190509052023131099921
000000190509052023111099920
000000190509052023173599911
000000011009052023072799910
000000011009052023110099920
000000011009052023120199921
000000011009052023151899911
000000034509052023072999910
000000034509052023113999920
000000034509052023133999921
000000052809052023073099910
000000052809052023114199920
000000052809052023124399921
000000052809052023163299911
000000535109052023073099911
000000535109052023073099910
000000535109052023074199911
000000731709052023073299910
000000731709052023120099940
000000731709052023130099941
000000731709052023162499911
000000126409052023073599910
000000126409052023073599930
000000126409052023082499931
000000126409052023115699920
000000126409052023125899921
000000126409052023161199930
000000126409052023162899931
000000126409052023171599911
000000266409052023075299910
000000266409052023121599920
000000266409052023132699921
000000266409052023170099911
000000846609052023075399910
000000846609052023125599920
000000846609052023142299921
000000846609052023174799911
000000631809052023075599910
000000631809052023075599930
000000631809052023081599931
000000631809052023121099920
000000631809052023131099921
000000631809052023170699911
000000197409052023075599910
000000197409052023075599930
000000197409052023104799931
000000197409052023105999930
000000197409052023120399931
000000197409052023120399920
000000197409052023130499921
000000197409052023130499930
000000197409052023142799931
000000197409052023143999930
000000197409052023165799931
000000197409052023165799911
000000416209052023075599910
000000416209052023075799930
000000416209052023083299931
000000416209052023095699930
000000416209052023102399931
000000416209052023113899920
000000416209052023134499921
000000695209052023075699910
000000210609052023075799910
000000210609052023114499920
000000210609052023124599921
000000210609052023170099911
000000030609052023075899910
000000030609052023075899911
000000292609052023075999910
000000292609052023120999920
000000292609052023131099921
000000292609052023170399911
000000736109052023075999910
000000736109052023115199920
000000736109052023125199921
000000736109052023175699911
000000738209052023080099910
000000738209052023130199920
000000738209052023150399921
000000738209052023180199911
000000906309052023080099910
000000906309052023122999920
000000906309052023133099921
000000906309052023172799911
000000408909052023080199910
000000408909052023115699920
000000408909052023125799921
000000225409052023080199910
000000225409052023132399920
000000225409052023142599921
000000302609052023080199910
000000302609052023122199920
000000302609052023132299921
000000292109052023080899910
000000292109052023130199920
000000292109052023140199921
000000292109052023171299911
000000767509052023080899910
000000767509052023124599920
000000767509052023134799921
000000767509052023170699911
000000063809052023080899910
000000063809052023130599920
000000063809052023140899921
000000063809052023130599920
000000063809052023171999911
000000028709052023080999910
000000028709052023122099920
000000028709052023132299921
000000028709052023132299930
000000028709052023143899931
000000028709052023143899911
000000488709052023080999910
000000488709052023113099920
000000488709052023123199921
000000488709052023163399911
000000742509052023081099910
000000742509052023114299920
000000742509052023124599921
000000742509052023172199911
000000535109052023081599910
000000535109052023123299920
000000535109052023133699921
000000535109052023170599911
000000617909052023083399910
000000617909052023120199920
000000617909052023140299921
000000617909052023162599930
000000617909052023173299931
000000617909052023173299911
000000746709052023085099910
000000746709052023113799920
000000746709052023130799921
000000890109052023085599910
000000890109052023122299920
000000890109052023132499921
000000483209052023085799910
000000483209052023085799911
000000483209052023090399910
000000483209052023134099920
000000483209052023144199921
000000694009052023090399910
000000694009052023121999920
000000694009052023132599921
000000764109052023092799910
000000764109052023150899920
000000764109052023161499921
000000409709052023100699910
000000409709052023100699920
000000409709052023110699921
000000409709052023110799911
000000883709052023100899910
000000883709052023132599920
000000883709052023142999921
000000299109052023101699910
000000299109052023123199920
000000299109052023133399921
000000299109052023165899911
000000414409052023105599910
000000414409052023135899920
000000414409052023145999921
000000007909052023105699910
000000007909052023105699920
000000007909052023125899921
000000007909052023105699920
000000007909052023125899911
000000007409052023105899910
000000007409052023105899920
000000007409052023125899921
000000007409052023125899911
000000006609052023105999910
000000006609052023105999920
000000006609052023125999921
000000006609052023125999911
000000007809052023110299910
000000007809052023110299920
000000007809052023130399921
000000007809052023130399911
000000007609052023110699910
000000007609052023110699920
000000007609052023130299921
000000007609052023130299911
000000652409052023111699910
000000652409052023115899920
000000652409052023130899921
000000652409052023201099911
000000500709052023115299910
000000500709052023124799920
000000500709052023135199921
000000500709052023140599930
000000500709052023151599931
000000634109052023115599910
000000634109052023115799911
000000030609052023121199910
000000030609052023121299920
000000030609052023131399921
000000030609052023201299911
000000609909052023123699910
000000609909052023151999920
000000609909052023162099921
000000609909052023151999920
000000609909052023162099921
000000409709052023124099910
000000409709052023152099911
000000149409052023132399910
000000149409052023132499911
000000634109052023133899910
000000634109052023221099911
000000005709052023140299910
000000005709052023140299911
000000452809052023143899910
000000452809052023175499911
000000905909052023145199910
000000007609052023151399910
000000007609052023151399911
000000006809052023153199910
000000006809052023153199911
000000487509052023155199910
000000487509052023162399911
000000028709052023160399910
000000028709052023171099911
000000007509052023163999910
000000007509052023163999911
000000007409052023165499910
000000007409052023165499911
000000622209052023165699910
000000622209052023165699911
000000007809052023165799910
000000007809052023165799911
000000007909052023170099910
000000007909052023170099911
000000006609052023170299910
000000006609052023170299911
000000149409052023172299910
000000149409052023172299920
000000149409052023215299910
