000000028708022023043699910
000000028708022023071299911
000000006708022023045599910
000000006708022023052199930
000000006708022023052999931
000000006708022023071699930
000000006708022023081599931
000000006708022023092699930
000000006708022023103999931
000000006708022023105299920
000000006708022023115399921
000000006708022023124299930
000000006708022023124799931
000000006708022023124799931
000000006708022023131699911
000000006508022023050099910
000000006508022023072099911
000000007308022023050199910
000000007308022023075499911
000000006608022023055499910
000000006608022023120599920
000000006608022023131099921
000000006608022023143199911
000000007408022023055599910
000000007408022023072299911
000000052808022023055599910
000000052808022023081099911
000000171108022023055799910
000000171108022023055999911
000000011008022023055799910
000000011008022023072199911
000000007008022023060199910
000000007008022023073299930
000000007008022023073599931
000000007008022023101299911
000000300908022023060299910
000000300908022023100499920
000000300908022023110499921
000000300908022023151099911
000000296408022023060299910
000000296408022023122199920
000000296408022023132399921
000000296408022023142199911
000000487508022023060299910
000000487508022023100999920
000000487508022023111499921
000000487508022023165399911
000000525108022023060599910
000000525108022023060699911
000000409708022023060699910
000000409708022023085599930
000000409708022023100099931
000000409708022023100099931
000000409708022023100099920
000000409708022023110699921
000000409708022023110699911
000000525108022023061199910
000000525108022023100399920
000000525108022023110499921
000000525108022023100399920
000000525108022023100399920
000000525108022023100399920
000000525108022023100399920
000000525108022023100399920
000000525108022023100399920
000000525108022023100399920
000000525108022023100399920
000000525108022023100399920
000000525108022023100399920
000000525108022023100399920
000000525108022023100399920
000000525108022023100399920
000000525108022023100399920
000000525108022023100399920
000000525108022023100399920
000000525108022023110499911
000000005708022023062899910
000000005708022023081099911
000000006808022023062999910
000000006808022023062999911
000000830908022023065599910
000000830908022023120799920
000000830908022023130899921
000000830908022023065599910
000000634108022023065599910
000000639108022023065699910
000000639108022023124799920
000000639108022023134899921
000000639108022023160199911
000000007608022023065699910
000000007608022023115399920
000000007608022023135399921
000000007608022023144799911
000000590908022023065699910
000000590908022023114599920
000000590908022023124699921
000000590908022023171799911
000000007908022023065799910
000000007908022023065799911
000000758308022023065799910
000000758308022023112399920
000000758308022023122599921
000000758308022023160099911
000000007508022023065799910
000000007508022023065799911
000000591308022023065799910
000000591308022023121999920
000000591308022023132199921
000000591308022023165399911
000000007808022023065799910
000000007808022023065799911
000000652408022023065899910
000000652408022023124999920
000000652408022023135099921
000000652408022023144399911
000000239508022023070299910
000000239508022023110699920
000000239508022023122499921
000000239508022023110699920
000000239508022023110699920
000000239508022023110699920
000000239508022023110699920
000000239508022023110699920
000000239508022023110699920
000000239508022023161099911
000000452808022023070499910
000000452808022023071999911
000000343208022023071999910
000000343208022023143699920
000000343208022023163399921
000000343208022023173399911
000000011008022023072599910
000000011008022023105999920
000000011008022023120199921
000000011008022023143099911
000000034508022023072899910
000000034508022023120099920
000000034508022023140099921
000000034508022023174599911
000000021708022023072899910
000000021708022023110099920
000000021708022023130099921
000000021708022023174899911
000000483208022023072899910
000000483208022023072999911
000000488708022023072899910
000000488708022023113899920
000000488708022023124199921
000000488708022023163099911
000000731708022023073199910
000000731708022023110099920
000000731708022023130099921
000000731708022023173699911
000000452808022023074499910
000000006508022023074799910
000000006508022023114999920
000000006508022023125199921
000000006508022023153599911
000000483208022023074799910
000000483208022023115599920
000000483208022023125699921
000000483208022023164199911
000000028708022023075499910
000000028708022023075499930
000000028708022023083499931
000000028708022023083599920
000000028708022023093899921
000000028708022023122899930
000000028708022023131299931
000000028708022023131599931
000000028708022023133499911
000000416208022023075599910
000000416208022023075599930
000000416208022023082199931
000000416208022023094499930
000000416208022023113499931
000000416208022023113499920
000000416208022023133699921
000000416208022023133699930
000000416208022023160099931
000000416208022023180499911
000000197408022023075699910
000000197408022023075699930
000000197408022023080599931
000000197408022023081699930
000000197408022023082499931
000000197408022023083099930
000000197408022023084199931
000000197408022023084799930
000000197408022023085199931
000000197408022023085399930
000000197408022023091299931
000000197408022023091999930
000000197408022023092699931
000000197408022023092799930
000000197408022023093599931
000000197408022023094799930
000000197408022023095299931
000000197408022023100399930
000000197408022023101899931
000000197408022023101899931
000000197408022023103499930
000000197408022023105299931
000000197408022023105299931
000000197408022023105599930
000000197408022023111399931
000000197408022023111799930
000000197408022023114399931
000000197408022023114399931
000000197408022023120099920
000000197408022023130199921
000000197408022023130199930
000000197408022023134099931
000000197408022023134999930
000000197408022023140099931
000000197408022023141799930
000000197408022023143099931
000000197408022023144599930
000000197408022023145599931
000000197408022023145999930
000000197408022023153899931
000000197408022023153999931
000000197408022023154199930
000000197408022023155599931
000000197408022023162299930
000000197408022023163499931
000000197408022023165799911
000000268908022023075799910
000000268908022023131399920
000000268908022023141799921
000000268908022023173199911
000000408908022023075899910
000000408908022023114399920
000000408908022023124699921
000000408908022023170199911
000000210608022023075899910
000000210608022023120699920
000000210608022023130899921
000000210608022023120699920
000000210608022023175099911
000000292608022023075899910
000000292608022023080199911
000000695208022023080099910
000000695208022023121399920
000000695208022023131599921
000000695208022023182099911
000000302608022023080099910
000000302608022023120899920
000000302608022023130999921
000000302608022023170099911
000000738208022023080099910
000000738208022023113999920
000000738208022023134099921
000000738208022023180099911
000000906308022023080399910
000000906308022023121399920
000000906308022023131499921
000000906308022023131499921
000000906308022023170099911
000000030608022023080399910
000000030608022023124599920
000000030608022023134799921
000000030608022023165999911
000000029008022023080599910
000000029008022023121099920
000000029008022023141099921
000000029008022023180099911
000000225408022023080899910
000000225408022023121699920
000000225408022023132099921
000000225408022023170999911
000000007308022023080999910
000000007308022023080999911
000000846608022023080999910
000000846608022023130499920
000000846608022023144499921
000000846608022023175799911
000000689208022023081199910
000000689208022023114599920
000000689208022023124699921
000000689208022023185399911
000000052808022023081199910
000000052808022023114599920
000000052808022023124699921
000000052808022023164699911
000000063808022023081299910
000000063808022023081299910
000000063808022023081299911
000000746708022023085199910
000000746708022023131499920
000000746708022023144799921
000000746708022023181499911
000000890108022023090199910
000000890108022023110899920
000000890108022023121199921
000000890108022023174299911
000000694008022023090199910
000000694008022023120899920
000000694008022023131599921
000000694008022023181099911
000000764108022023090299910
000000764108022023143899920
000000764108022023153999921
000000764108022023184599911
000000063808022023093699910
000000767508022023094299910
000000767508022023120599920
000000767508022023131299921
000000767508022023171199911
000000487408022023095799910
000000487408022023142899920
000000487408022023153199921
000000487408022023184099911
000000781208022023100599910
000000781208022023171099920
000000781208022023181499921
000000781208022023204399911
000000007008022023104299910
000000007008022023104299911
000000859008022023105699910
000000859008022023153099920
000000859008022023162999921
000000859008022023191599911
000000007808022023105799910
000000007808022023105799920
000000007808022023130099921
000000007808022023130099911
000000007508022023105799910
000000007508022023105799920
000000007508022023130399921
000000007508022023130399911
000000414408022023105799910
000000414408022023151699920
000000414408022023202299921
000000414408022023202399911
000000905908022023105799910
000000905908022023105799911
000000007408022023105799910
000000007408022023105799920
000000007408022023125999921
000000007408022023105799920
000000007408022023125999911
000000007908022023105899910
000000007908022023105899920
000000007908022023125999921
000000007908022023125999911
000000883708022023105899910
000000883708022023140199920
000000883708022023150499921
000000883708022023191599911
000000634108022023121299910
000000634108022023121299920
000000634108022023131399921
000000634108022023151899911
000000452808022023125699910
000000452808022023125999920
000000452808022023140199921
000000452808022023150199911
000000149408022023130199910
000000006708022023133899910
000000006708022023133899911
000000063808022023135499910
000000063808022023141099920
000000063808022023151299921
000000063808022023173399911
000000409708022023140799910
000000409708022023140799911
000000149408022023141399911
000000409708022023141999910
000000409708022023141999911
000000609908022023145699910
000000609908022023190099920
000000609908022023200299921
000000005708022023152799910
000000005708022023165699911
000000007408022023153199910
000000007408022023153199911
000000830908022023153799911
000000007608022023154199910
000000007608022023154199911
000000006808022023155999910
000000006808022023155999911
000000525108022023160499910
000000525108022023160599911
000000007808022023163399910
000000007808022023163499911
000000007908022023163899910
000000007508022023164599910
000000007508022023164599911
000000083608022023170599910
000000149408022023173699910
000000149408022023173699920
000000149408022023183899921
000000149408022023183899911
000000292608022023174199911
000000905908022023201199910
000000905908022023201199911
000000149408022023214399910
