000000028727022023042899910
000000028727022023071499911
000000006727022023050099910
000000006727022023052599930
000000006727022023053899931
000000006727022023071999930
000000006727022023075999931
000000006727022023090699930
000000006727022023110399931
000000006727022023111199920
000000006727022023121199921
000000006727022023121199921
000000006727022023132199930
000000006727022023133399931
000000006727022023133399911
000000006527022023050299910
000000006527022023073699911
000000007027022023053499910
000000007027022023082599911
000000006627022023055599910
000000171127022023055799910
000000171127022023055899911
000000487527022023055899910
000000487527022023100199920
000000487527022023110199921
000000487527022023161399911
000000300927022023055999910
000000300927022023100099920
000000300927022023110299921
000000300927022023164899911
000000296427022023060099910
000000296427022023111299920
000000296427022023121299921
000000296427022023155999911
000000652427022023060199910
000000652427022023060299911
000000525127022023060399910
000000525127022023060499911
000000409727022023060799910
000000409727022023071699930
000000409727022023103799931
000000409727022023103799920
000000409727022023113899921
000000409727022023113899930
000000409727022023114399931
000000409727022023172099911
000000652427022023061799910
000000652427022023101299920
000000652427022023111699921
000000652427022023143099911
000000171127022023061999910
000000171127022023100099920
000000171127022023110199921
000000171127022023143499911
000000007827022023062699910
000000007827022023100899911
000000005727022023062999910
000000005727022023080899911
000000007927022023065699910
000000007927022023065699911
000000007427022023065699910
000000007427022023065699911
000000007327022023065699910
000000007327022023114599920
000000007327022023124799921
000000007327022023172999911
000000487427022023065699910
000000487427022023072499911
000000006827022023065799910
000000006827022023065799911
000000634127022023065899910
000000634127022023132399920
000000634127022023142399921
000000634127022023173299911
000000590927022023065999910
000000590927022023113199920
000000590927022023123399921
000000590927022023175799911
000000007527022023065999910
000000007527022023065999911
000000830927022023065999910
000000830927022023124699920
000000830927022023134799921
000000830927022023154499911
000000639127022023065999910
000000639127022023124899920
000000639127022023135099921
000000639127022023151999911
000000007627022023065999910
000000007627022023113799920
000000007627022023133799921
000000007627022023142199911
000000689227022023070099910
000000689227022023070299911
000000591327022023070299910
000000591327022023121199920
000000591327022023131299921
000000591327022023190599911
000000731527022023070299910
000000731527022023115299920
000000731527022023125499921
000000731527022023173699911
000000239527022023070699910
000000239527022023113799920
000000239527022023123799921
000000239527022023160799911
000000731727022023070899910
000000731727022023120199920
000000731727022023140199921
000000731727022023170999911
000000452827022023071399910
000000487427022023072399910
000000487427022023120099920
000000190527022023072699910
000000190527022023110299920
000000190527022023130599921
000000190527022023175299911
000000052827022023072699910
000000052827022023114499920
000000052827022023124599921
000000052827022023174899911
000000021727022023072799910
000000021727022023113099920
000000021727022023133099921
000000021727022023173199911
000000034527022023072799910
000000034527022023113599920
000000034527022023133599921
000000034527022023180299911
000000483227022023072899910
000000483227022023114599920
000000483227022023124699921
000000483227022023164299911
000000488727022023072999910
000000488727022023113299920
000000488727022023123299921
000000488727022023162999911
000000028727022023074299910
000000028727022023074299930
000000028727022023083299931
000000028727022023083299920
000000028727022023093499921
000000028727022023123599930
000000028727022023125699931
000000028727022023123599930
000000028727022023125699931
000000781227022023074899910
000000781227022023120799920
000000781227022023131199921
000000781227022023162299911
000000006527022023075099910
000000343227022023075299910
000000343227022023125899920
000000343227022023145899921
000000343227022023181899911
000000416227022023075599910
000000416227022023075599930
000000416227022023082099931
000000764127022023075599910
000000764127022023123499920
000000764127022023133599921
000000609927022023075599910
000000609927022023120099920
000000609927022023130199921
000000609927022023130199911
000000268927022023075699910
000000268927022023125599920
000000268927022023135799921
000000268927022023182699911
000000695227022023075799910
000000695227022023120999920
000000408927022023075799910
000000408927022023120699920
000000408927022023130799921
000000408927022023170199911
000000030627022023075799910
000000030627022023130899920
000000030627022023141199921
000000030627022023163699911
000000225427022023075799910
000000225427022023113399920
000000225427022023123399921
000000225427022023170199911
000000767527022023075899910
000000767527022023124899920
000000767527022023135199921
000000767527022023170399911
000000063827022023075899910
000000063827022023075999911
000000210627022023075999910
000000210627022023122299920
000000210627022023132399921
000000210627022023170299911
000000292627022023080099910
000000292627022023080199911
000000846627022023080099910
000000846627022023120999920
000000846627022023132699921
000000846627022023132699921
000000846627022023180099911
000000738227022023080199910
000000738227022023113499920
000000738227022023133599921
000000738227022023180799911
000000302627022023080199910
000000302627022023120199920
000000302627022023130299921
000000302627022023170099911
000000906327022023080299910
000000906327022023122399920
000000906327022023132799921
000000029027022023080699910
000000029027022023121599920
000000029027022023141599921
000000029027022023180099911
000000006527022023080999910
000000006527022023114099920
000000006527022023124299921
000000006527022023153999911
000000083627022023082899910
000000083627022023170899911
000000694027022023085999910
000000694027022023123899920
000000694027022023134499921
000000694027022023180699911
000000746727022023090499910
000000746727022023124599920
000000746727022023141599921
000000746727022023181299911
000000890127022023094799910
000000890127022023123399920
000000890127022023133799921
000000890127022023180099911
000000414427022023095599910
000000414427022023141799920
000000414427022023151899921
000000414427022023191899911
000000758327022023095799910
000000758327022023095799911
000000525127022023101199910
000000525127022023102399920
000000525127022023112599921
000000525127022023151699911
000000007927022023105799910
000000007927022023105799920
000000007927022023125899921
000000007927022023125899911
000000859027022023105799910
000000859027022023142799920
000000859027022023152999921
000000859027022023191999911
000000883727022023105899910
000000883727022023140499920
000000883727022023150599921
000000883727022023140499920
000000883727022023193999911
000000006827022023105999910
000000006827022023105999920
000000006827022023130199921
000000006827022023130199911
000000011027022023110099910
000000011027022023110099920
000000011027022023120399921
000000011027022023143199911
000000007527022023111899910
000000007527022023111999920
000000007527022023131999921
000000007527022023131999911
000000689227022023112099910
000000689227022023124699920
000000689227022023134799921
000000689227022023152799911
000000292627022023120399910
000000292627022023120399920
000000292627022023130499921
000000292627022023130499911
000000149427022023120399910
000000149427022023120499911
000000452827022023122799910
000000452827022023130099920
000000452827022023140199921
000000452827022023170499911
000000487427022023131499910
000000487427022023182199911
000000758327022023140199910
000000758327022023151499920
000000758327022023161599921
000000006627022023144499910
000000006627022023144499911
000000007827022023151599910
000000007827022023151599911
000000005727022023154099910
000000007627022023164999910
000000007627022023164999911
000000007527022023165299910
000000007527022023165299911
000000292627022023165699910
000000292627022023165899911
000000063827022023172399910
000000063827022023172399911
000000007927022023172499910
000000007927022023172499911
000000149427022023175499910
000000149427022023185899921
000000149427022023185999911
000000006827022023180999910
000000006827022023180999911
000000758327022023232099910
000000758327022023232099911
