000antonio10052023075999911
000000006610052023143299911
000000171110052023055699911
000000905910052023003499911
000000028710052023043099910
000000028710052023072199911
000000006710052023050099910
000000006710052023052599930
000000006710052023054499931
000000006710052023072599930
000000006710052023081699931
000000006710052023092899930
000000006710052023114499931
000000006710052023123199930
000000006710052023123499931
000000006710052023130299911
000000006810052023050899910
000000006810052023063999911
000000011010052023053099910
000000011010052023063999911
000000535110052023055599910
000000535110052023074699911
000000171110052023055699910
000000171110052023100099920
000000171110052023110299921
000000171110052023160799911
000000007810052023055799910
000000007810052023111799920
000000007810052023121899921
000000007810052023163099911
000000609910052023055899910
000000609910052023055899911
000000409710052023055999910
000000409710052023055999911
000000005710052023055999910
000000005710052023143199911
000000296410052023060099910
000000296410052023120799920
000000296410052023130999921
000000296410052023130999921
000000296410052023130999911
000000487510052023060099910
000000487510052023095999920
000000487510052023110199921
000000487510052023164699911
000000007710052023060099910
000000007710052023111799920
000000007710052023121899921
000000007710052023163099911
000000634210052023060299910
000000634210052023085199930
000000634210052023101199931
000000634210052023101199920
000000634210052023111499921
000000634210052023111499930
000000634210052023134999931
000000634210052023164999911
000000300910052023060599910
000000300910052023100899920
000000300910052023110599921
000000300910052023110599920
000000300910052023110999921
000000300910052023110599920
000000300910052023150499911
000000409710052023060799910
000000409710052023101099920
000000409710052023111199921
000000409710052023111199911
000000622210052023061699910
000000007610052023063499910
000000007610052023111099911
000000006810052023064299910
000000006810052023083499911
000000011010052023064399910
000000011010052023110099920
000000011010052023120199921
000000011010052023144199911
000000639110052023064799910
000000639110052023121399920
000000639110052023131799921
000000639110052023164599911
000000652410052023065299910
000000652410052023065399911
000000652410052023065399911
000000652410052023065399911
000000652410052023065399911
000000652410052023065399911
000000652410052023065399911
000000652410052023065399911
000000591310052023065599910
000000591310052023123999920
000000591310052023134199921
000000591310052023161899911
000000830910052023065599910
000000830910052023114799920
000000830910052023124899921
000000830910052023170099911
000000007410052023065599910
000000007410052023111199920
000000007410052023121199921
000000007410052023134199911
000000007910052023065599910
000000007910052023065599911
000000006610052023065599910
000000006610052023065599911
000000590910052023065699910
000000590910052023121599920
000000590910052023131699921
000000590910052023152399911
000000083610052023065699910
000000083610052023070399930
000000083610052023084999931
000000083610052023125099920
000000083610052023150199921
000000083610052023125099920
000000083610052023170199911
000000007010052023065699910
000000007010052023065699911
000000758310052023065799910
000000758310052023113999920
000000758310052023124099921
000000758310052023162999911
000000689210052023065799910
000000689210052023122299920
000000689210052023132299921
000000689210052023162899911
000000239510052023070099910
000000239510052023112399920
000000239510052023122499921
000000239510052023163699911
000000738210052023070199910
000000738210052023134799920
000000738210052023154899921
000000738210052023182599911
000000302610052023070199910
000000302610052023120099920
000000302610052023130199921
000000500710052023070199910
000000500710052023072399911
000000225410052023070299910
000000225410052023121799920
000000225410052023131899921
000000225410052023175799911
000000452810052023071099910
000000452810052023111599920
000000452810052023122399921
000000452810052023134899911
000000306810052023071399910
000000306810052023112499920
000000306810052023122999921
000000306810052023172999911
000000029010052023071599910
000000029010052023120299920
000000029010052023140299921
000000029010052023180099911
000000153310052023072399910
000000153310052023102099920
000000153310052023122199921
000000153310052023162499930
000000153310052023164799931
000000153310052023174099911
000000021710052023072699910
000000021710052023110199920
000000021710052023130199921
000000021710052023175999911
000000034510052023072799910
000000034510052023123399920
000000034510052023143399921
000000034510052023173899911
000000268910052023072799910
000000268910052023120199920
000000268910052023130299921
000000268910052023072799910
000000488710052023072799910
000000488710052023113999920
000000488710052023123999921
000000488710052023183499911
000000052810052023072899910
000000052810052023120299920
000000052810052023130399921
000000052810052023172799911
000000483210052023073099910
000000483210052023114199920
000000483210052023124299921
000000483210052023175499911
000000731710052023073299910
000000731710052023120899920
000000731710052023140899921
000000731710052023173499911
000000190510052023073499910
000000190510052023124899920
000000190510052023144899921
000000190510052023173899911
000000126410052023073599910
000000126410052023073599930
000000126410052023080899931
000000126410052023112499930
000000126410052023115599931
000000126410052023115599931
000000126410052023120299920
000000126410052023130299921
000000126410052023152799930
000000126410052023155899931
000000126410052023173299911
000000500710052023074199910
000000500710052023091799930
000000500710052023103199931
000000266410052023075099910
000000266410052023122699920
000000266410052023133699921
000000266410052023175699911
000000197410052023075599910
000000197410052023075599930
000000197410052023115399931
000000197410052023115699930
000000197410052023121099931
000000197410052023121099920
000000197410052023131199921
000000197410052023132099930
000000197410052023151299931
000000197410052023151899930
000000197410052023163999931
000000197410052023163999911
000000631810052023075599910
000000631810052023075599930
000000631810052023095199931
000000631810052023115999920
000000631810052023130099921
000000631810052023130099930
000000631810052023170099931
000000631810052023170099911
000000846610052023075599910
000000846610052023105399920
000000846610052023123399921
000000846610052023181399911
000000007310052023075699910
000000007310052023110499920
000000007310052023120699921
000000007310052023120699921
000000007310052023153199911
000000416210052023075699910
000000416210052023075699930
000000416210052023081599931
000000416210052023125399920
000000416210052023135399921
000000416210052023135399930
000000416210052023144499931
000000416210052023150199930
000000416210052023164699931
000000416210052023164699911
000000063810052023075799910
000000063810052023125299920
000000063810052023135499921
000000063810052023180099911
000000292610052023075999910
000000292610052023122499920
000000292610052023132699921
000000292610052023170899911
000000210610052023080099910
000000210610052023115899920
000000210610052023125999921
000000210610052023170099911
000000906310052023080099910
000000906310052023122899920
000000906310052023132899921
000000906310052023172199911
000000736110052023080099910
000000736110052023123899920
000000736110052023133999921
000000736110052023170099911
000000408910052023080299910
000000408910052023121899920
000000408910052023132199921
000000408910052023170299911
000000767510052023080299910
000000767510052023120399920
000000767510052023130499921
000000767510052023170399911
000000030610052023080399910
000000030610052023080499911
000000299110052023080599910
000000299110052023121399920
000000299110052023131499921
000000299110052023170699911
000000292110052023080599910
000000292110052023132399920
000000292110052023142499921
000000292110052023170899911
000000742510052023081099910
000000742510052023122099920
000000742510052023132199921
000000742510052023171199911
000000746710052023082299910
000000746710052023131299920
000000746710052023141399921
000000746710052023181599911
000000617910052023082899910
000000617910052023113599920
000000617910052023132299921
000000617910052023173899911
000000890110052023085799910
000000890110052023121399920
000000890110052023131599921
000000694010052023090399910
000000694010052023121699920
000000694010052023132099921
000000694010052023180399911
000000000410052023092099910
000000000410052023093699911
000000883710052023101199910
000000883710052023135299920
000000883710052023145299921
000000883710052023200199911
000000535110052023101399910
000000535110052023125999920
000000535110052023140099921
000000535110052023140099911
000000622210052023101699910
000000622210052023123599921
000000622210052023161699911
000000414410052023105699910
000000414410052023143399920
000000414410052023153399921
000000414410052023194199911
000000007910052023105899910
000000007910052023105899920
000000007910052023125899921
000000007910052023125899911
000000764110052023105999910
000000764110052023144499920
000000764110052023154599921
000000764110052023213199911
000000007010052023110399910
000000007010052023110399920
000000007010052023120499921
000000007010052023120499921
000000007010052023133799930
000000007010052023151599931
000000007010052023165899911
000000007610052023111299910
000000007610052023111299920
000000007610052023121399921
000000007610052023162299911
000000030610052023112499910
000000030610052023125999911
000000409710052023113499910
000000409710052023160499911
000000905910052023115199910
000000905910052023115299911
000000634110052023115599910
000000634110052023145699920
000000634110052023155699921
000000634110052023145699920
000000500710052023115999910
000000500710052023125999920
000000500710052023140299921
000000500710052023140299930
000000500710052023165699931
000000500710052023182299911
000000006810052023120299910
000000006810052023120299920
000000006810052023130399921
000000006810052023130399911
000000731510052023121899910
000000731510052023121899920
000000731510052023132099921
000000695210052023122999910
000000695210052023122999920
000000695210052023133099921
000000695210052023165999911
000000905910052023123399910
000000905910052023180399911
000000149410052023130599910
000000149410052023130899911
000000030610052023131099910
000000030610052023131099920
000000030610052023141299921
000000030610052023181799911
000000296410052023131999910
000000296410052023161799911
000000006710052023141599910
000000006710052023141599911
000000452810052023142499910
000000452810052023164799911
000000007410052023155199910
000000007410052023155199911
000000296410052023161999910
000000296410052023161999911
000000007710052023163099911
000000007710052023163099911
000000006610052023163999910
000000006610052023163999911
000000005710052023164399910
000000005710052023164399911
000000007910052023170699910
000000007910052023170699911
000000149410052023174499910
000000149410052023184599921
000000149410052023184599911
000000268910052023180899911
000000609910052023183999910
000000609910052023184099911
000000535110052023190499910
000000535110052023190499911
000000535110052023190499911
000000535110052023190499911
000000149410052023214799910
000000149410052023214899911
