000000007415052023052499910
000000007415052023070399911
000000011015052023055999910
000000011015052023070399911
000000007015052023060299910
000000007015052023094799920
000000007015052023104899921
000000007015052023140299911
000000487415052023060299910
000000487415052023110299920
000000487415052023120499921
000000487415052023155399911
000000171115052023060399910
000000171115052023100199920
000000171115052023110399921
000000171115052023154099911
000000409715052023060399910
000000409715052023084099930
000000409715052023102899931
000000409715052023102899931
000000409715052023102999920
000000409715052023113699921
000000409715052023113699930
000000409715052023132599931
000000409715052023161299911
000000006615052023060499910
000000006615052023115499920
000000006615052023125799921
000000006615052023140299911
000000296415052023060699910
000000296415052023060799911
000000525115052023060699910
000000525115052023103999920
000000525115052023114199921
000000525115052023150199911
000000634215052023060899910
000000634215052023094399930
000000634215052023112699931
000000634215052023112699920
000000634215052023123699921
000000634215052023123799930
000000634215052023143799931
000000634215052023143799911
000000487515052023060999910
000000487515052023100199920
000000487515052023110699921
000000487515052023155199911
000000296415052023061299910
000000296415052023102499920
000000296415052023112599921
000000296415052023154699911
000000622215052023061699910
000000622215052023114699920
000000622215052023124999921
000000622215052023135399911
000000006715052023065799910
000000006715052023065799911
000000007915052023065799910
000000007915052023065799911
000000007315052023065799910
000000007315052023065899930
000000007315052023072699931
000000007315052023112899920
000000007315052023123099921
000000007315052023112899920
000000007315052023112899920
000000007315052023134699911
000000639115052023065899910
000000639115052023130999920
000000639115052023145899921
000000639115052023151699911
000000005715052023065899910
000000005715052023110099920
000000005715052023130099921
000000005715052023133399911
000000007515052023065899910
000000007515052023065899911
000000590915052023065899910
000000590915052023121099920
000000590915052023131299921
000000590915052023160399911
000000830915052023065999910
000000830915052023123699920
000000830915052023133799921
000000830915052023153099911
000000758315052023065999910
000000758315052023105499920
000000758315052023115599921
000000758315052023150499911
000000591315052023070299910
000000591315052023105899911
000000083615052023070399910
000000083615052023070999930
000000083615052023083599931
000000083615052023134799920
000000083615052023155399921
000000083615052023134799920
000000083615052023134799920
000000083615052023134799920
000000083615052023170099911
000000731515052023070499910
000000731515052023112799920
000000731515052023122899921
000000731515052023151799911
000000731715052023070499910
000000731715052023110499920
000000731715052023130599921
000000731715052023170799911
000000007415052023070799910
000000007415052023070799911
000000239515052023070799910
000000239515052023110699920
000000239515052023120899921
000000239515052023120899921
000000239515052023165499911
000000011015052023070999910
000000011015052023110099920
000000011015052023120299921
000000011015052023160799911
000000153315052023071699910
000000153315052023115299920
000000153315052023135399921
000000153315052023174799911
000000306815052023072099910
000000306815052023110099920
000000306815052023130099921
000000306815052023172199911
000000190515052023072599910
000000190515052023111099920
000000190515052023131099921
000000190515052023173699911
000000034515052023072699910
000000034515052023112599920
000000034515052023132599921
000000034515052023172699911
000000268915052023072799910
000000268915052023122199920
000000268915052023132399921
000000268915052023160399911
000000021715052023072799910
000000021715052023110099920
000000021715052023130199921
000000021715052023173099911
000000483215052023072899910
000000483215052023113099920
000000483215052023123199921
000000483215052023164799911
000000488715052023072899910
000000488715052023113999920
000000488715052023123999921
000000488715052023165299911
000000052815052023072999910
000000052815052023120099920
000000052815052023130399921
000000052815052023163299911
000000126415052023073699910
000000126415052023073699930
000000126415052023105799931
000000126415052023114399920
000000126415052023124599921
000000126415052023142199930
000000126415052023143699931
000000126415052023150099930
000000126415052023154799931
000000126415052023155299930
000000126415052023162399931
000000126415052023163199911
000000029015052023074899910
000000029015052023121099920
000000029015052023141099921
000000029015052023180099911
000000266415052023075099910
000000266415052023120499920
000000266415052023131499921
000000266415052023170499911
000000631815052023075599910
000000631815052023075599930
000000631815052023115999931
000000631815052023115999931
000000631815052023115999920
000000631815052023125999921
000000631815052023130099930
000000631815052023155099931
000000631815052023165899911
000000695215052023075599910
000000695215052023120099920
000000695215052023130199921
000000695215052023165699911
000000197415052023075599910
000000197415052023075599930
000000197415052023082699931
000000197415052023082699931
000000197415052023085099930
000000197415052023094799931
000000197415052023102899930
000000197415052023120999931
000000197415052023120999920
000000197415052023131199921
000000197415052023145099930
000000197415052023160599931
000000197415052023161099930
000000197415052023165799931
000000197415052023165799911
000000416215052023075599910
000000416215052023075699930
000000416215052023085299931
000000416215052023123499920
000000416215052023143499921
000000416215052023174299911
000000028715052023075699910
000000028715052023075699930
000000028715052023085099931
000000028715052023090299930
000000028715052023120899931
000000028715052023120899911
000000846615052023075899910
000000846615052023110099920
000000846615052023130399921
000000846615052023184699911
000000299115052023075899910
000000299115052023113599920
000000299115052023123699921
000000299115052023165599911
000000225415052023080099910
000000225415052023123499920
000000225415052023141799921
000000225415052023141799921
000000225415052023171299911
000000736115052023080099910
000000736115052023113799911
000000906315052023080099910
000000906315052023130099920
000000906315052023140099921
000000906315052023171599911
000000030615052023080399910
000000030615052023080499911
000000767515052023080599910
000000767515052023132199920
000000767515052023142599921
000000767515052023170399911
000000292115052023080599910
000000292115052023133099920
000000292115052023143199921
000000292115052023170699911
000000452815052023080999910
000000452815052023082699911
000000063815052023080999910
000000063815052023124199920
000000063815052023134499921
000000063815052023173399911
000000742515052023081299910
000000742515052023170999911
000000452815052023082699910
000000452815052023121999920
000000452815052023132099921
000000452815052023143799911
000000617915052023083899910
000000617915052023091599930
000000617915052023105799931
000000617915052023113899920
000000617915052023132999921
000000617915052023172699911
000000746715052023085199910
000000746715052023085199911
000000746715052023085199910
000000746715052023130799920
000000746715052023143599921
000000746715052023181199911
000000609915052023085599910
000000609915052023085599911
000000905915052023085699910
000000905915052023091999911
000000694015052023090099910
000000694015052023132499920
000000694015052023143099921
000000694015052023180299911
000000535115052023090299910
000000535115052023134199920
000000535115052023144399921
000000535115052023152499911
000000890115052023090399910
000000890115052023115899920
000000890115052023130399921
000000890115052023175799911
000000905915052023095499910
000000905915052023141599920
000000905915052023151799921
000000905915052023174999911
000000006815052023104899910
000000006815052023104899920
000000006815052023115099921
000000414415052023105799910
000000414415052023153599920
000000414415052023163699921
000000414415052023195799911
000000007515052023105899910
000000007515052023105899920
000000007515052023125999921
000000007515052023125999911
000000007915052023105899910
000000007915052023105999920
000000007915052023130199921
000000007915052023105999920
000000007915052023130199911
000000007415052023105999910
000000007415052023105999920
000000007415052023115999921
000000007415052023115999911
000000006715052023110099910
000000006715052023110099920
000000006715052023130099921
000000006715052023130099911
000000591315052023111099910
000000591315052023124799920
000000591315052023135099921
000000591315052023144099911
000000764115052023111199910
000000764115052023140399920
000000764115052023150599921
000000764115052023203499911
000000883715052023111599910
000000883715052023140199920
000000883715052023150399921
000000883715052023150399921
000000883715052023150399921
000000634115052023115599910
000000634115052023153999920
000000634115052023164099921
000000634115052023153999920
000000634115052023153999920
000000634115052023115599910
000000028715052023120999910
000000028715052023120999920
000000028715052023131199921
000000028715052023145299930
000000028715052023153399931
000000028715052023171499911
000000736115052023123799910
000000736115052023170199911
000000030615052023124099910
000000030615052023124099920
000000030615052023134299921
000000030615052023165899911
000000609915052023125399910
000000609915052023130099920
000000609915052023140299921
000000609915052023175499911
000000149415052023130199910
000000149415052023130299911
000000006815052023133299910
000000006815052023133299911
000000007415052023140399910
000000007415052023140399911
000000006615052023143299910
000000006615052023143299911
000000007015052023143999910
000000007015052023144099911
000000591315052023150499910
000000591315052023165999911
000000738215052023151399910
000000738215052023180599911
000000007315052023152299910
000000007315052023152399911
000000296415052023154799910
000000296415052023154899911
000000005715052023164799910
000000005715052023164799911
000000006715052023165299910
000000006715052023165299911
000000007915052023165299910
000000007915052023165299911
000000030615052023165899910
000000030615052023165999911
000000007515052023170899910
000000007515052023170899911
