000000487419012023055699911
000000006519012023045599910
000000006519012023082399911
000000006619012023052699910
000000006619012023100599920
000000006619012023110699921
000000006619012023162599911
000000052819012023055499910
000000409719012023055599910
000000409719012023072999930
000000409719012023105199931
000000409719012023105299931
000000409719012023105299931
000000409719012023114299920
000000409719012023153199921
000000409719012023180399911
000000171119012023055599910
000000171119012023102099920
000000171119012023112299921
000000171119012023152799911
000000609919012023055699910
000000609919012023090499911
000000652419012023055699910
000000652419012023055799911
000000487419012023055899910
000000487419012023060599911
000000500719012023055999910
000000500719012023102399920
000000500719012023112599921
000000500719012023120999930
000000500719012023143299931
000000500719012023143899911
000000300919012023060299910
000000300919012023101099920
000000300919012023111199921
000000300919012023155099911
000000634219012023060399910
000000634219012023072699930
000000634219012023100999931
000000634219012023100999920
000000634219012023111099921
000000634219012023111199930
000000634219012023120399931
000000634219012023142399911
000000487519012023060499910
000000487519012023102599920
000000487519012023112699921
000000487519012023150699911
000000487419012023061099910
000000487419012023114699920
000000487419012023124899921
000000487419012023162099911
000000525119012023062099910
000000525119012023104199920
000000525119012023114399921
000000525119012023152999911
000000007819012023062799910
000000007819012023102799911
000000007619012023062799910
000000007619012023103299911
000000029019012023064199910
000000029019012023124599920
000000029019012023144599921
000000029019012023171099911
000000590919012023065599910
000000590919012023115499920
000000590919012023125799921
000000590919012023144399911
000000591319012023065699910
000000591319012023120999920
000000591319012023131099921
000000591319012023151599911
000000830919012023065699910
000000830919012023112099920
000000830919012023122199921
000000830919012023112099920
000000830919012023152999911
000000007719012023065799910
000000007719012023113999920
000000007719012023124199921
000000007719012023173099911
000000007419012023065899910
000000007419012023065899911
000000006719012023065899910
000000006719012023074599930
000000006719012023081199931
000000006719012023090799930
000000006719012023103699931
000000006719012023112799920
000000006719012023122799921
000000006719012023122899930
000000006719012023123499931
000000006719012023130199911
000000005719012023065899910
000000005719012023105899920
000000005719012023125999921
000000005719012023125999911
000000007919012023065899910
000000007919012023065899911
000000007219012023065899910
000000007219012023065899911
000000007019012023065899910
000000007019012023065999911
000000007519012023065999910
000000007519012023065999911
000000689219012023065999910
000000689219012023122799920
000000689219012023132899921
000000689219012023165299911
000000006819012023065999910
000000006819012023085699930
000000006819012023101299931
000000006819012023110199920
000000006819012023130299921
000000006819012023134999911
000000639119012023070199910
000000639119012023121799920
000000639119012023132099921
000000639119012023132099921
000000639119012023152499911
000000452819012023071199910
000000452819012023124299920
000000452819012023134599921
000000731519012023071299910
000000731519012023122299920
000000731519012023132499921
000000731519012023171399911
000000009119012023071599910
000000009119012023110299920
000000009119012023130599921
000000009119012023173199911
000000153319012023071799910
000000153319012023112999920
000000153319012023133099921
000000153319012023171699911
000000306819012023072099910
000000306819012023110099920
000000306819012023130099921
000000034519012023072599910
000000034519012023110899920
000000034519012023130899921
000000034519012023172599911
000000731719012023072899910
000000731719012023121599920
000000731719012023141599921
000000488719012023072899910
000000488719012023120899920
000000488719012023130999921
000000483219012023072999910
000000483219012023072999911
000000535119012023072999910
000000535119012023120499920
000000535119012023130799921
000000535119012023170199911
000000190519012023073099910
000000190519012023111499920
000000190519012023131399921
000000622219012023073799910
000000622219012023101699920
000000622219012023111799921
000000622219012023111799911
000000030619012023075299910
000000846619012023075499910
000000846619012023115999920
000000846619012023135199921
000000846619012023135199921
000000846619012023173599911
000000483219012023075499910
000000483219012023113599920
000000483219012023123699921
000000483219012023160199911
000000416219012023075599910
000000416219012023075599930
000000416219012023080199931
000000416219012023084599930
000000416219012023090699931
000000416219012023121699920
000000416219012023131799921
000000416219012023143199911
000000197419012023075699910
000000197419012023075699930
000000197419012023080899931
000000197419012023080999930
000000197419012023083499931
000000197419012023083499931
000000197419012023084499930
000000197419012023085399931
000000197419012023090399930
000000197419012023091699931
000000197419012023092999930
000000197419012023093599931
000000197419012023094299930
000000197419012023095199931
000000197419012023095499930
000000197419012023101099931
000000197419012023101099931
000000197419012023102499930
000000197419012023104799931
000000197419012023104799931
000000197419012023110299930
000000197419012023111999931
000000197419012023112799930
000000197419012023113099931
000000197419012023114499930
000000197419012023120099931
000000197419012023120099920
000000197419012023130199921
000000197419012023130199930
000000197419012023133499931
000000197419012023133499931
000000197419012023133999930
000000197419012023135299931
000000197419012023135699930
000000197419012023135899931
000000197419012023140399930
000000197419012023141599931
000000197419012023141999930
000000197419012023142399931
000000197419012023143299930
000000197419012023143999931
000000197419012023144199930
000000197419012023145499931
000000197419012023145899930
000000028719012023075699910
000000028719012023083299911
000000292619012023075799910
000000292619012023092699911
000000781219012023075899910
000000781219012023122199920
000000781219012023132199921
000000781219012023170199911
000000210619012023075999910
000000210619012023122699920
000000210619012023132799921
000000738219012023080099910
000000738219012023114999920
000000738219012023135099921
000000738219012023180199911
000000225419012023080099910
000000225419012023121899920
000000225419012023132099921
000000225419012023170299911
000000302619012023080199910
000000302619012023120699920
000000302619012023130799921
000000063819012023080199910
000000063819012023132299920
000000063819012023142599921
000000063819012023175699911
000000906319012023080299910
000000906319012023111299920
000000906319012023121599921
000000906319012023170199911
000000292119012023080799910
000000292119012023123099920
000000292119012023133299921
000000292119012023170999911
000000083619012023082399910
000000083619012023165699911
000000746719012023085099910
000000746719012023103699930
000000746719012023120399931
000000746719012023122199930
000000746719012023124299931
000000746719012023131099920
000000746719012023144299921
000000746719012023181299911
000000890119012023085899910
000000890119012023125699920
000000890119012023135999921
000000890119012023171199911
000000694019012023090099910
000000694019012023125099920
000000694019012023135999921
000000694019012023180599911
000000052819012023091599910
000000052819012023110299920
000000052819012023120799921
000000764119012023095599910
000000764119012023133999920
000000764119012023144399921
000000758319012023095699910
000000758319012023135199911
000000905919012023095799910
000000905919012023095899911
000000007819012023102899910
000000007819012023102899920
000000007819012023113199921
000000007819012023113199911
000000007619012023103599910
000000007619012023103599920
000000007619012023113799921
000000007619012023153499911
000000414419012023105599910
000000414419012023142799920
000000414419012023152899921
000000414419012023191599911
000000007419012023105699910
000000007419012023105799920
000000007419012023125999921
000000007419012023125999911
000000007519012023105799910
000000007519012023105799920
000000007519012023130099921
000000007519012023130099921
000000007519012023130099911
000000007219012023105899910
000000007219012023105899920
000000007219012023130299921
000000007219012023130299911
000000007919012023105999910
000000007919012023105999920
000000007919012023130099921
000000007919012023130099911
000000007019012023105999910
000000007019012023105999920
000000007019012023130199921
000000007019012023130199911
000000609919012023105999910
000000609919012023110099920
000000609919012023120299921
000000609919012023150299911
000000859019012023110299910
000000859019012023142699920
000000859019012023152699921
000000859019012023190099911
000000622219012023111999910
000000622219012023164599911
000000030619012023114099910
000000030619012023114099911
000000028719012023114699910
000000028719012023121099920
000000028719012023131499921
000000028719012023131499930
000000028719012023171099931
000000028719012023171099911
000000292619012023120099910
000000292619012023120899920
000000292619012023130999921
000000292619012023130999911
000000030619012023124299910
000000030619012023124299920
000000030619012023134399921
000000030619012023160699911
000000149419012023125999910
000000149419012023130199911
000000149419012023130199911
000000149419012023130199911
000000007819012023135499910
000000007819012023153399911
000000758319012023140299910
000000758319012023155399920
000000758319012023165699921
000000006719012023153399910
000000006719012023153399911
000000007519012023162499910
000000007519012023162499911
000000007419012023162499910
000000007419012023162499911
000000007919012023162599910
000000007919012023162599911
000000006819012023162699910
000000006819012023162699911
000000007019012023162699910
000000007019012023162799911
000000007219012023163099910
000000007219012023163099911
000000005719012023163299910
000000005719012023163299911
000000030619012023165799910
000000030619012023165899911
000000292619012023170999910
000000292619012023173999911
000000149419012023173799910
000000149419012023173799920
000000905919012023182799910
000000905919012023182799911
000000652419012023103599920
000000416219012023143199940
000000416219012023144899941
000000416219012023150899930
000000416219012023152099931
000000416219012023160399930
000000416219012023161499931
