000000028723052023043399910
000000028723052023072299911
000000007623052023055499910
000000007623052023055499911
000000171123052023055599910
000000171123052023055699911
000000609923052023055599910
000000609923052023113199920
000000609923052023123399921
000000609923052023123399921
000000609923052023123399921
000000609923052023144799911
000000487523052023055699910
000000487523052023055799911
000000487423052023055799910
000000487423052023113099920
000000487423052023123399921
000000487423052023160099911
000000634223052023060099910
000000634223052023075599930
000000634223052023101399931
000000634223052023101399920
000000634223052023112099921
000000634223052023112099930
000000634223052023144199931
000000634223052023161599911
000000300923052023060099910
000000300923052023100299920
000000300923052023110799921
000000300923052023150199911
000000622223052023060099910
000000622223052023110999920
000000622223052023121399921
000000296423052023060199910
000000296423052023100099920
000000296423052023110099921
000000296423052023151399911
000000525123052023060299910
000000525123052023120299920
000000525123052023131199921
000000525123052023152899911
000000011023052023060299910
000000011023052023073099911
000000409723052023060399910
000000409723052023103599930
000000409723052023105399931
000000409723052023105399920
000000409723052023115599921
000000409723052023115599930
000000409723052023131599931
000000409723052023155299911
000000171123052023063199910
000000171123052023102999920
000000171123052023113099921
000000029023052023065099910
000000029023052023131099911
000000590923052023065699910
000000590923052023115599920
000000590923052023125699921
000000590923052023125699921
000000590923052023151499911
000000830923052023065699910
000000830923052023123099920
000000830923052023133199921
000000830923052023153199911
000000731523052023065699910
000000731523052023112599920
000000731523052023122799921
000000731523052023152399911
000000006723052023065699910
000000006723052023065699911
000000007423052023065799910
000000007423052023110099920
000000007423052023130099921
000000006623052023065799910
000000006623052023065799911
000000083623052023065799910
000000083623052023071599930
000000083623052023082799931
000000083623052023114199911
000000758323052023065799910
000000758323052023124399920
000000758323052023134499921
000000758323052023152399911
000000007023052023065799910
000000007023052023065799911
000000007523052023065799910
000000007523052023065799911
000000500723052023065799910
000000500723052023070499911
000000007823052023065799910
000000007823052023110899920
000000007823052023120999921
000000007823052023172799911
000000689223052023065899910
000000689223052023121699920
000000689223052023131699921
000000689223052023131699921
000000689223052023131699921
000000689223052023162499911
000000007923052023065899910
000000007923052023065899911
000000007723052023065999910
000000007723052023113299920
000000007723052023133399921
000000007723052023133399911
000000005723052023065999910
000000005723052023105799920
000000005723052023125899921
000000005723052023134499911
000000652423052023070099910
000000652423052023070099911
000000006823052023070099910
000000006823052023070099911
000000591323052023070399910
000000591323052023121699920
000000591323052023131799921
000000591323052023163999911
000000500723052023070899910
000000500723052023132599931
000000500723052023132599920
000000500723052023142899921
000000500723052023142899930
000000500723052023152799931
000000500723052023164599911
000000452823052023071099910
000000452823052023110699911
000000239523052023071499910
000000239523052023110499920
000000239523052023120399921
000000239523052023161099911
000000153323052023071599910
000000153323052023101199920
000000153323052023121299921
000000153323052023174899911
000000306823052023072099910
000000306823052023113399920
000000306823052023133399921
000000306823052023170499911
000000268923052023072699910
000000268923052023115599920
000000268923052023125799921
000000268923052023143899930
000000268923052023162899931
000000268923052023163099911
000000034523052023072699910
000000034523052023115999920
000000034523052023135999921
000000052823052023072699910
000000052823052023114299920
000000052823052023124499921
000000052823052023163299911
000000483223052023072799910
000000483223052023113699920
000000483223052023123799921
000000483223052023180399911
000000488723052023072799910
000000488723052023114199920
000000488723052023124199921
000000488723052023163199911
000000021723052023072899910
000000021723052023110199920
000000021723052023130199921
000000190523052023072899910
000000190523052023113399920
000000190523052023133299921
000000190523052023113399920
000000731723052023073099910
000000731723052023120799920
000000731723052023130899921
000000011023052023073499910
000000011023052023110199920
000000011023052023120299921
000000011023052023143099911
000000126423052023073699910
000000126423052023073699930
000000126423052023081299931
000000126423052023120199920
000000126423052023130299921
000000126423052023132399930
000000126423052023135999931
000000302623052023074599910
000000302623052023113899920
000000302623052023130499921
000000302623052023171099911
000000007323052023074999910
000000007323052023074999910
000000007323052023110199920
000000007323052023120399921
000000007323052023153099911
000000266423052023075499910
000000266423052023121399920
000000063823052023075599910
000000063823052023120999920
000000063823052023131299921
000000063823052023181999911
000000197423052023075599910
000000197423052023075599930
000000197423052023081799931
000000197423052023082599930
000000197423052023111699931
000000197423052023115599930
000000197423052023120099931
000000197423052023120099920
000000197423052023130299921
000000197423052023130699930
000000631823052023075599910
000000631823052023075699930
000000631823052023081199931
000000631823052023122799920
000000631823052023132899921
000000631823052023132899921
000000631823052023170199911
000000299123052023075799910
000000299123052023121899920
000000299123052023131999921
000000299123052023165599911
000000030623052023075899910
000000210623052023075999910
000000210623052023115199920
000000210623052023125299921
000000736123052023080099910
000000736123052023113699920
000000736123052023123699921
000000736123052023170099911
000000408923052023080099910
000000408923052023122699920
000000408923052023132799921
000000292623052023080099910
000000292623052023120799920
000000292623052023130899921
000000292623052023173199911
000000738223052023080199910
000000738223052023120199920
000000738223052023140299921
000000738223052023181299911
000000767523052023080499910
000000767523052023124499920
000000767523052023134899921
000000767523052023170899911
000000906323052023080599910
000000906323052023123399920
000000906323052023133399921
000000906323052023163699911
000000846623052023080699910
000000846623052023115399920
000000846623052023134899921
000000487523052023081099910
000000487523052023100899920
000000487523052023111099921
000000487523052023145999911
000000292123052023081099910
000000292123052023125499920
000000292123052023135699921
000000292123052023171399911
000000742523052023081099910
000000742523052023120099920
000000742523052023130399921
000000742523052023181199911
000000617923052023082299910
000000617923052023120199920
000000617923052023135999921
000000617923052023151199930
000000617923052023162099931
000000746723052023085099910
000000746723052023130499920
000000746723052023143299921
000000746723052023181099911
000000694023052023090599910
000000694023052023123399920
000000694023052023134199921
000000694023052023180399911
000000535123052023090599910
000000535123052023090599911
000000890123052023090899910
000000890123052023125299920
000000890123052023135599921
000000890123052023170099911
000000030623052023093799910
000000030623052023115399920
000000030623052023125499921
000000030623052023125499921
000000030623052023154999911
000000634123052023100999910
000000634123052023163599920
000000634123052023173699921
000000634123052023201199911
000000905923052023105599910
000000905923052023140999920
000000905923052023151299921
000000905923052023210799911
000000007023052023105699910
000000007023052023105699920
000000007023052023125899921
000000007023052023105699920
000000007023052023125899911
000000414423052023105699910
000000414423052023142299911
000000006623052023105799910
000000006623052023105899920
000000006623052023125899921
000000006623052023125899911
000000007523052023105899910
000000007523052023105899920
000000007523052023130099921
000000007523052023130099921
000000007523052023130099911
000000006823052023105999910
000000006823052023105999920
000000006823052023130199921
000000006823052023130199911
000000006723052023110199910
000000006723052023110199920
000000006723052023130199921
000000006723052023130199911
000000007623052023110199910
000000007623052023110199920
000000007623052023130499921
000000007623052023130499921
000000007623052023130499911
000000007923052023111099910
000000007923052023111099920
000000007923052023131099921
000000007923052023131099911
000000883723052023111199910
000000883723052023135799920
000000883723052023145899921
000000883723052023183299911
000000452823052023112799910
000000452823052023112799920
000000452823052023122899921
000000452823052023144499911
000000149423052023131699910
000000149423052023131699911
000000083623052023134399910
000000083623052023134399930
000000083623052023155299931
000000083623052023170199911
000000006623052023144399910
000000006623052023144399911
000000006723052023150799910
000000006723052023150799911
000000007023052023152099910
000000007523052023153199910
000000007723052023154099910
000000007423052023160199910
000000007423052023160199911
000000030623052023170099910
000000030623052023170099911
000000535123052023180099910
000000535123052023180099911
000000149423052023181199910
000000149423052023181199920
000000149423052023191799921
000000149423052023181199920
000000149423052023191799921
000000149423052023204399911
