000000525104012023065099911
000000006704012023045599910
000000006704012023052099930
000000006704012023054499931
000000006704012023071799930
000000006704012023075699931
000000006704012023090899930
000000006704012023104199931
000000006704012023105099920
000000006704012023115199921
000000006704012023123499930
000000006704012023124399931
000000006704012023133299911
000000006504012023045699910
000000006504012023082399911
000000007704012023045799910
000000007704012023101899920
000000007704012023112099921
000000007704012023140799911
000000006604012023052799910
000000006604012023113299920
000000006604012023123399921
000000006604012023153899911
000000609904012023055599910
000000609904012023111599920
000000609904012023121799921
000000609904012023151199911
000000171104012023055699910
000000171104012023055999911
000000007004012023060199910
000000007004012023082399930
000000007004012023092099931
000000007004012023094599920
000000007004012023104799921
000000007004012023141899911
000000487504012023060199910
000000487504012023095899920
000000487504012023110199921
000000487504012023142499911
000000409704012023060199910
000000409704012023084699930
000000409704012023095699931
000000409704012023095699920
000000409704012023110599921
000000409704012023110599911
000000634204012023060299910
000000634204012023060299911
000000300904012023061499910
000000300904012023121499911
000000005704012023062499910
000000005704012023062499911
000000007604012023065399910
000000007604012023114599920
000000007604012023124499921
000000007604012023175699911
000000634204012023065499910
000000634204012023085799930
000000634204012023103999931
000000634204012023111899920
000000634204012023122099921
000000634204012023122099930
000000634204012023140999931
000000634204012023144799911
000000639104012023065499910
000000639104012023065599911
000000652404012023065599910
000000652404012023122299920
000000652404012023132399921
000000652404012023154699911
000000830904012023065599910
000000830904012023123599920
000000830904012023133699921
000000830904012023133699921
000000830904012023162699911
000000590904012023065599910
000000590904012023115199920
000000590904012023125299921
000000590904012023152199911
000000591304012023065699910
000000591304012023120699920
000000591304012023131099921
000000591304012023152099911
000000731504012023065699910
000000731504012023121399920
000000731504012023131599921
000000731504012023160599911
000000007904012023065799910
000000007904012023065799911
000000007804012023065899910
000000007804012023111099920
000000007804012023131199921
000000007804012023131199911
000000487404012023070099910
000000487404012023115699920
000000487404012023125999921
000000487404012023152299911
000000006804012023070099910
000000006804012023084099930
000000006804012023100499931
000000006804012023105999920
000000006804012023130099921
000000006804012023134499911
000000452804012023070099910
000000452804012023120999920
000000452804012023131299921
000000452804012023152299911
000000500704012023070299910
000000500704012023074199930
000000500704012023091599931
000000500704012023100399911
000000225404012023070299910
000000225404012023111299920
000000225404012023121399921
000000225404012023170099911
000000622204012023071199910
000000622204012023124799920
000000622204012023140299921
000000622204012023140299911
000000009104012023071299910
000000009104012023110399920
000000009104012023130499921
000000009104012023173099911
000000008504012023071599910
000000008504012023111699920
000000008504012023131799921
000000008504012023171499911
000025477004012023072099910
000025477004012023111499920
000025477004012023131499921
000025477004012023170899911
000000010904012023072599910
000000010904012023110699920
000000010904012023130699921
000000010904012023172599911
000000483204012023072799910
000000483204012023072899911
000000488704012023072899910
000000488704012023114099920
000000488704012023124199921
000000488704012023160099911
000000731704012023072999910
000000731704012023115099920
000000731704012023140299921
000000535104012023072999910
000000535104012023115999920
000000535104012023130299921
000000535104012023163599911
000000190504012023073099910
000000190504012023112799920
000000190504012023132799921
000000483204012023074299910
000000483204012023113899920
000000483204012023123999921
000000483204012023163199911
00000COSTA04012023074799910
00000COSTA04012023115999920
00000COSTA04012023135899921
00000COSTA04012023174899911
000000266404012023075299910
000000266404012023121899920
000000266404012023132999921
000000197404012023075599910
000000197404012023075599930
000000197404012023080299931
000000197404012023082099930
000000197404012023083699931
000000197404012023084399930
000000197404012023090899931
000000197404012023090899931
000000197404012023090899931
000000197404012023091299930
000000197404012023091899931
000000197404012023093499930
000000197404012023094099931
000000197404012023100499930
000000197404012023101899931
000000197404012023110399930
000000197404012023112399931
000000197404012023112399931
000000197404012023113299930
000000197404012023113399931
000000197404012023114799930
000000197404012023120499931
000000197404012023122399920
000000197404012023132599921
000000197404012023141399930
000000197404012023143899931
000000197404012023150999930
000000197404012023152499931
000000197404012023152699930
000000197404012023153299931
000000197404012023153299931
000000197404012023155399930
000000197404012023155799931
000000197404012023161399930
000000197404012023163599931
000000197404012023163599931
000000197404012023171099911
000000416204012023075599910
000000416204012023075599930
000000416204012023082399931
000000416204012023110699911
000000631804012023075599910
000000631804012023081599931
000000631804012023124999920
000000631804012023134999921
000000631804012023170799911
000000028704012023075799910
000000028704012023120099920
000000028704012023130399921
000000028704012023144399911
000000210604012023075899910
000000210604012023114799920
000000210604012023124899921
000000210604012023170099911
000000063804012023075999910
000000063804012023123999920
000000063804012023134299921
000000063804012023182699911
000000292604012023080099910
000000292604012023120499920
000000292604012023130499921
000000292604012023185999911
000000302604012023080099910
000000302604012023120399920
000000302604012023130499921
000000302604012023173999911
000000030604012023080099910
000000030604012023125599920
000000030604012023135799921
000000030604012023171099911
000000906304012023080099910
000000906304012023114399920
000000906304012023124499921
000000906304012023172099911
0000wagner04012023080099910
0000wagner04012023115299920
0000wagner04012023135399921
0000wagner04012023180199911
000000292104012023080699910
000000292104012023131499920
000000292104012023141599921
000000292104012023171299911
0francisco04012023081099910
0francisco04012023121099920
0francisco04012023141099921
000000008304012023082099910
000000008304012023163099911
000000746704012023085299910
000000746704012023111599930
000000746704012023123299931
000000746704012023123399920
000000746704012023140799921
000000746704012023144099930
000000746704012023155499931
000000746704012023181399911
000000890104012023085699910
000000890104012023125299920
000000890104012023135599921
000000890104012023174399911
000000694004012023090099910
000000694004012023123999920
000000694004012023134899921
000000694004012023181099911
0000INGMAR04012023095599910
0000INGMAR04012023150699920
0000INGMAR04012023160699921
0000INGMAR04012023204799911
000000764104012023095599910
000000764104012023130199920
000000764104012023140299921
000000764104012023193799911
000000905904012023100099910
000000905904012023100099911
000000500704012023102599910
000000500704012023110999920
000000500704012023121399921
000000859004012023105599910
000000859004012023143399920
000000859004012023153599921
000000859004012023191599911
000000414404012023105699910
000000414404012023140199920
000000414404012023150399921
000000414404012023191599911
000000007904012023110199910
000000007904012023110199920
000000007904012023130199921
000000007904012023130199911
000000007504012023110299910
000000007504012023110299920
000000007504012023130299921
000000007504012023130399911
000000416204012023110699910
000000416204012023120199920
000000416204012023140199921
000000416204012023173499930
000000416204012023174399931
000000416204012023174499911
000000409704012023111099910
000000409704012023141799911
000000758304012023115599910
000000758304012023115699911
000000758304012023115799910
000000758304012023170499920
000000758304012023180499921
000000758304012023195699911
000000525104012023120199910
000000525104012023120299920
000000525104012023130599921
000000525104012023152399911
000000007404012023125699910
000000007404012023125699911
000000149404012023130399910
000000149404012023131599911
000000905904012023130499910
000000905904012023130499920
000000905904012023140499921
000000905904012023140599911
000000007004012023143099910
000000007004012023143099911
000000052804012023145599910
000000052804012023191399920
000000052804012023201599921
000000052804012023235999911
000000028704012023151999910
000000028704012023170299911
000000006804012023162099910
000000006804012023162099911
000000007504012023162699910
000000007504012023162699911
000000007404012023162799910
000000007404012023162799911
000000007904012023162799910
000000007904012023162799911
000000007804012023163099910
000000007804012023163099911
000000639104012023164099910
000000639104012023164099911
000000639104012023164099910
000000639104012023164099911
000000639104012023164099910
000000639104012023164099911
000000005704012023173199910
000000005704012023173199911
000000171104012023173199910
000000171104012023173499911
000000149404012023174399910
000000149404012023174399920
000000149404012023185299921
000000149404012023185299911
000000149404012023215799910
000000149404012023215799911
