000000030616032023075999911
000000609916032023002699911
000000028716032023043199910
000000028716032023072299911
000000007816032023050099910
000000007816032023081999911
000000007316032023050199910
000000007316032023071599911
000000488716032023055599910
000000488716032023093399911
000000005716032023055699910
000000005716032023103099920
000000005716032023113099921
000000005716032023155899911
000000905916032023055799910
000000905916032023055899911
000000011016032023055899910
000000011016032023072799911
000000171116032023055999910
000000171116032023060299911
000000500716032023055999910
000000500716032023104199920
000000500716032023114299921
000000500716032023122599930
000000500716032023144699931
000000500716032023145199911
000000409716032023055999910
000000409716032023055999911
000000296416032023060199910
000000296416032023100399920
000000296416032023110499921
000000296416032023161999911
000000007016032023060199910
000000007016032023072699911
000000300916032023060299910
000000300916032023100399920
000000300916032023110499921
000000300916032023162099911
000000525116032023060399910
000000525116032023103199920
000000525116032023113399921
000000525116032023160499911
000000487516032023060799910
000000487516032023060799911
000000622216032023060899910
000000622216032023112999920
000000622216032023122999921
000000622216032023161599911
000000634216032023060899910
000000634216032023085699930
000000634216032023103699931
000000634216032023103699931
000000634216032023103699931
000000487516032023061399910
000000487516032023100299920
000000487516032023110399921
000000487516032023154299911
000000171116032023061999910
000000171116032023103399920
000000171116032023113599921
000000171116032023155499911
000000306816032023064899910
000000306816032023110099920
000000306816032023130099921
000000306816032023170199911
000000634116032023065599910
000000634116032023114099920
000000634116032023124299921
000000634116032023114099920
000000634116032023160299911
000000830916032023065599910
000000830916032023124899920
000000830916032023134999921
000000830916032023161799911
000000590916032023065599910
000000590916032023112399920
000000590916032023122499921
000000590916032023150199911
000000083616032023065599910
000000083616032023070399930
000000083616032023095399931
000000083616032023125199920
000000083616032023145499921
000000083616032023170099911
000000731516032023065699910
000000731516032023114199920
000000731516032023124299921
000000731516032023153299911
000000006516032023065799910
000000006516032023115099920
000000006516032023125299921
000000006516032023173199911
000000007416032023065799910
000000007416032023112399920
000000007416032023122399921
000000007416032023130499911
000000689216032023065899910
000000689216032023122299920
000000689216032023132399921
000000689216032023150199911
000000591316032023065899910
000000591316032023121599920
000000591316032023131899921
000000591316032023161599911
000000007516032023065899910
000000007516032023065899911
000000452816032023065899910
000000452816032023132499920
000000452816032023142999921
000000452816032023152299911
000000007916032023070099910
000000007916032023070199911
000000006816032023070199910
000000006816032023070199911
000000652416032023070199910
000000652416032023112599920
000000652416032023122799921
000000652416032023152199911
000000009116032023070399910
000000009116032023070399911
000000009116032023070999910
000000009116032023112199920
000000009116032023132399921
000000009116032023141099911
000000239516032023071099910
000000239516032023104999920
000000239516032023115099921
000000239516032023161299911
000000153316032023071699910
000000153316032023122099920
000000153316032023142299921
000000153316032023171899911
000000021716032023072699910
000000021716032023110299920
000000021716032023130299921
000000021716032023173299911
000000034516032023072899910
000000034516032023120099920
000000034516032023140099921
000000034516032023180399911
000000190516032023072999910
000000190516032023111399920
000000190516032023131299921
000000190516032023173099911
000000268916032023072999910
000000268916032023120299920
000000268916032023130399921
000000052816032023073099910
000000052816032023120099920
000000052816032023130199921
000000052816032023130199921
000000052816032023163099911
000000731716032023073099910
000000731716032023113399920
000000731716032023133399921
000000535116032023073199910
000000535116032023121399920
000000535116032023131699921
000000535116032023171399911
000000011016032023073399910
000000011016032023073399910
000000011016032023110099920
000000011016032023120199921
000000007016032023073499910
000000007016032023073599910
000000007016032023090299911
000000007316032023073999910
000000007316032023105599920
000000007316032023115699921
000000007316032023153199911
000000266416032023075099910
000000266416032023121499920
000000266416032023132599921
000000781216032023075299910
000000781216032023123999920
000000781216032023134499921
000000781216032023161299911
000000631816032023075599910
000000631816032023075599930
000000631816032023080699931
000000631816032023124699920
000000631816032023134699921
000000631816032023183199911
000000063816032023075699910
000000063816032023075799911
000000694016032023075899910
000000694016032023121299920
000000694016032023131799921
000000694016032023172799911
000000408916032023075999910
000000408916032023121699920
000000408916032023131899921
000000408916032023170099911
000000030616032023075999910
000000030616032023121799920
000000030616032023132099921
000000030616032023170799911
000000210616032023075999910
000000210616032023121999920
000000210616032023132099921
000000210616032023170399911
000000738216032023080099910
000000738216032023112299920
000000738216032023132399921
000000738216032023181199911
000000906316032023080199910
000000906316032023125299920
000000906316032023135399921
000000906316032023170199911
000000302616032023080199910
000000302616032023120199920
000000302616032023130399921
000000302616032023170199911
000000225416032023080399910
000000225416032023111899920
000000225416032023121999921
000000225416032023170099911
000000292116032023081199910
000000292116032023130199920
000000292116032023140299921
000000292116032023181399911
000000846616032023081799910
000000846616032023110099920
000000846616032023124099921
000000846616032023173599911
000000028716032023084099910
000000028716032023084199920
000000028716032023094299921
000000028716032023124099930
000000028716032023133199931
000000028716032023133499911
000000890116032023085899910
000000890116032023111099920
000000890116032023121499921
000000890116032023175599911
000000746716032023090299910
000000746716032023105599930
000000746716032023112099931
000000746716032023112099931
000000746716032023130599920
000000746716032023143599921
000000746716032023181299911
000000488716032023094199910
000000488716032023112899920
000000488716032023123099921
000000488716032023162999911
000000487416032023095799910
000000487416032023140799911
000000859016032023100099910
000000859016032023145299920
000000859016032023155299921
000000859016032023191599911
000000487416032023102399910
000000487416032023180099920
000000487416032023190299921
000000609916032023105599910
000000609916032023150099920
000000609916032023160299921
000000609916032023174999911
000000764116032023105699910
000000764116032023140699920
000000764116032023150899921
000000764116032023194899911
000000007016032023105899910
000000007016032023105899920
000000007016032023115999921
000000007016032023115999911
000000007916032023105899910
000000007916032023105899920
000000007916032023130099921
000000007916032023130099911
000000414416032023105899910
000000414416032023145099920
000000414416032023155199921
000000414416032023191599911
000000007516032023105999910
000000007516032023105999920
000000007516032023130099921
000000007516032023130099911
000000006816032023110099910
000000006816032023110099920
000000006816032023130199921
000000006816032023130199911
000000634216032023124199910
000000634216032023155499911
000000149416032023125599910
000000149416032023125699911
000000007916032023130099910
000000905916032023135899910
000000905916032023135899910
000000905916032023135899911
000000007016032023143099910
000000007016032023143099911
000000011016032023143399911
000000007416032023153099910
000000007416032023153099911
000000409716032023153599910
000000409716032023153599911
000000007516032023162699910
000000007516032023162799911
000000009116032023163099910
000000009116032023163099911
000000007916032023163099910
000000007916032023163199911
000000197416032023163199910
000000197416032023163499930
000000197416032023164999931
000000197416032023163499930
000000197416032023172399930
000000197416032023174499931
000000197416032023172399930
000000197416032023174499911
000000883716032023163299910
000000883716032023203399911
000000006816032023163399910
000000006816032023163399911
000000063816032023171799910
000000063816032023171799911
000000149416032023173899910
000000149416032023173899920
000000149416032023184199921
000000149416032023184199911
000000609916032023200999910
000000609916032023200999911
000000149416032023213899910
000000149416032023214099911
000000416216032023075599930
000000416216032023082699931
000000416216032023084199930
000000416216032023102399931
000000416216032023131199920
000000416216032023141399921
