000000027324012023051799906
000000027324012023051799902
000000006624012023035899901
000000006624012023102999905
000000006624012023121999906
000000006624012023123099905
000000006624012023123999906
000000006624012023123999903
000000006624012023133999904
000000006624012023133999905
000000006624012023135899906
000000006624012023143899909
000000006624012023151699910
000000006624012023161499905
000000006624012023191599906
000000006624012023191599902
000000027324012023051799901
000000027324012023061899905
000000027324012023110599906
000000027324012023110599903
000000027324012023113699904
000000027324012023123199905
000000027324012023143499906
000000027324012023200199902
000000034224012023053299901
000000034224012023063199905
000000034224012023115099906
000000034224012023115099903
000000034224012023125499904
000000034224012023125599905
000000034224012023184799906
000000036624012023060199901
000000036624012023103199906
000000036624012023123399903
000000036624012023153799904
000000036624012023192399902
000000006124012023061999901
000000006124012023084399905
000000006124012023110099903
000000006124012023120199904
000000006124012023135999905
000000006124012023142399906
000000006124012023144899905
000000006124012023150099906
000000006124012023151599905
000000006124012023152799906
000000006124012023153999902
000000033324012023062499901
000000033324012023100799905
000000033324012023111399906
000000033324012023111399903
000000033324012023123099904
000000033324012023123099905
000000033324012023141399906
000000006924012023062499901
000000006924012023070899905
000000006924012023111899906
000000006924012023115699903
000000006924012023125799904
000000006924012023125899905
000000006924012023143599906
000000006924012023151499905
000000006924012023153999906
000000006924012023153999902
000000044924012023062599901
000000044924012023103699906
000000044924012023122599905
000000044924012023124999906
000000044924012023131199905
000000044924012023134599906
000000044924012023141199903
000000044924012023143099904
000000044924012023143499905
000000044924012023145999906
000000044924012023154499905
000000044924012023160299906
000000044924012023171299902
000000009324012023062699901
000000009324012023085599905
000000009324012023090799906
000000009324012023091299905
000000009324012023101999906
000000009324012023103799905
000000009324012023104699906
000000009324012023120599903
000000009324012023120699904
000000009324012023134699905
000000009324012023145899906
000000009324012023152099905
000000009324012023162499906
000000009324012023164899905
000000009324012023170099906
000000009324012023180399905
000000009324012023181899906
000000009324012023190199902
000000047324012023062999901
000000047324012023112299906
000000047324012023112299903
000000047324012023124399904
000000047324012023145899905
000000047324012023151899906
000000047324012023153399905
000000047324012023161399906
000000047324012023164599902
000000042124012023064099901
000000042124012023103899906
000000042124012023104699905
000000042124012023105399906
000000042124012023110899903
000000042124012023123299904
000000042124012023131599905
000000042124012023152899906
000000042124012023155199905
000000042124012023155999906
000000042124012023165599905
000000042124012023170599906
000000042124012023172699902
000000005924012023064099901
000000005924012023093999905
000000005924012023121599906
000000005924012023121599903
000000005924012023131799904
000000005924012023131799905
000000005924012023134299906
000000005924012023161399902
000000024224012023065899901
000000024224012023122199903
000000024224012023132199904
000000024224012023132199905
000000024224012023142099906
000000024224012023143099905
000000024224012023161499906
000000024224012023184999902
