000000622202052023061699911
000000890102052023085499911
000000028702052023042899910
000000028702052023071699911
000000007402052023050099910
000000007402052023104799920
000000007402052023114799921
000000007402052023133499911
000000007302052023050099910
000000007302052023072599911
000000296402052023060399910
000000296402052023101499920
000000296402052023111899921
000000296402052023173099911
000000487402052023060399910
000000487402052023100099920
000000487402052023110499921
000000487402052023144599911
000000171102052023060499910
000000171102052023100699920
000000171102052023110799921
000000171102052023152399911
000000409702052023060499910
000000409702052023090399930
000000409702052023120999931
000000409702052023120999920
000000409702052023131499921
000000409702052023131499930
000000409702052023155499931
000000409702052023185999911
000000622202052023060799910
000000622202052023060799911
000000487502052023060899910
000000487502052023100199920
000000487502052023110299921
000000487502052023160999911
000000634202052023060999910
000000634202052023090699930
000000634202052023102299931
000000634202052023102299920
000000634202052023112899921
000000634202052023112999930
000000634202052023132299931
000000634202052023161399911
000000525102052023061599910
000000525102052023111399920
000000525102052023121699921
000000525102052023165399911
000000622202052023061699910
000000622202052023103299920
000000622202052023113399921
000000622202052023145899911
000000007002052023061799910
000000007002052023083299911
000000007602052023063299910
000000007602052023105999920
000000007602052023115999921
000000452802052023063599910
000000452802052023114899920
000000452802052023124999921
000000452802052023171099911
000000639102052023065599910
000000639102052023120499920
000000639102052023130699921
000000639102052023180499911
000000083602052023065799910
000000083602052023070299930
000000083602052023090199931
000000083602052023115399920
000000083602052023135599921
000000083602052023135599921
000000083602052023135599930
000000083602052023153199931
000000083602052023170099911
000000758302052023065799910
000000758302052023113899920
000000758302052023123999921
000000758302052023152899911
000000830902052023065899910
000000830902052023122299920
000000830902052023132399921
000000830902052023152499911
000000590902052023065899910
000000590902052023121399920
000000590902052023160699911
000000007802052023065899910
000000007802052023073299911
000000007902052023065899910
000000007902052023065899911
000000007702052023065999910
000000007702052023114199920
000000007702052023124299921
000000007702052023114199920
000000007702052023173199911
000000006602052023065999910
000000006602052023065999911
000000005702052023065999910
000000005702052023065999911
000000689202052023070099910
000000689202052023121399920
000000689202052023131999921
000000689202052023162899911
000000591302052023070099910
000000591302052023121599920
000000591302052023131699921
000000591302052023151899911
000000500702052023070199910
000000500702052023070299911
000000006802052023070399910
000000006802052023070399911
000000007502052023070399910
000000007502052023070399911
000000239502052023070499910
000000239502052023115299920
000000239502052023125399921
000000239502052023164799911
000000153302052023071599910
000000153302052023105499920
000000153302052023125599921
000000153302052023171299911
000000306802052023072099910
000000306802052023110099920
000000306802052023130099921
000000306802052023174499911
000000034502052023072599910
000000034502052023120799920
000000034502052023140799921
000000034502052023172599911
000000268902052023072699910
000000268902052023115699920
000000268902052023130099921
000000268902052023170999911
000000052802052023072699910
000000052802052023120499920
000000052802052023130699921
000000052802052023163099911
000000488702052023072699910
000000488702052023112999920
000000488702052023123099921
000000488702052023163299911
000000021702052023072799910
000000021702052023110199920
000000021702052023130199921
000000021702052023173099911
000000483202052023072799910
000000483202052023114099920
000000483202052023124199921
000000483202052023162999911
000000731702052023072899910
000000731702052023120099920
000000731702052023135999921
000000731702052023172899911
000000007302052023073299910
000000007302052023104299920
000000007302052023114499921
000000007302052023153199911
000000028702052023074999910
000000028702052023074999930
000000028702052023084899931
000000028702052023084999920
000000028702052023095199921
000000028702052023123799930
000000028702052023130299931
000000028702052023133999911
000000266402052023075199910
000000266402052023123299920
000000266402052023134499921
000000266402052023123299920
000000266402052023170199911
000000846602052023075499910
000000846602052023120299920
000000846602052023135399921
000000846602052023182299911
000000197402052023075599910
000000197402052023075599930
000000197402052023080999931
000000197402052023082099930
000000197402052023122199931
000000197402052023122299920
000000197402052023132399921
000000197402052023133199930
000000197402052023172099931
000000197402052023172099911
000000631802052023075599910
000000631802052023075599930
000000631802052023082099931
000000631802052023122199920
000000631802052023132299921
000000631802052023173599911
000000063802052023075599910
000000063802052023125699920
000000063802052023135899921
000000063802052023173399911
000000416202052023075699910
000000416202052023075699930
000000416202052023094499931
000000416202052023121699920
000000416202052023141999921
000000416202052023141999930
000000416202052023153699931
000000416202052023180499911
000000210602052023075899910
000000210602052023113899920
000000210602052023123999921
000000210602052023170099911
000000030602052023075899910
000000292602052023075999910
000000292602052023120499920
000000292602052023130699921
000000292602052023173299911
000000736102052023080099910
000000736102052023114799920
000000736102052023124899921
000000736102052023165699911
000000906302052023080099910
000000906302052023134499920
000000906302052023144999921
000000906302052023175299911
000000408902052023080099910
000000408902052023113299920
000000408902052023123399921
000000738202052023080099910
000000738202052023123899920
000000738202052023143999921
000000738202052023180599911
000000302602052023080099910
000000302602052023120099920
000000767502052023080199910
000000767502052023122599920
000000767502052023132699921
000000767502052023171499911
000000299102052023080299910
000000299102052023113899920
000000299102052023124299921
000000299102052023170599911
000000742502052023081099910
000000742502052023120999920
000000742502052023130999921
000000742502052023171099911
000000292102052023081099910
000000292102052023125499920
000000292102052023135599921
000000292102052023171099911
000000343202052023081499910
000000343202052023132799920
000000343202052023153399921
000000343202052023175199911
000000617902052023082599910
000000617902052023115999920
000000617902052023140099921
000000617902052023180499911
000000007002052023083299911
000000746702052023085099910
000000746702052023114299920
000000746702052023131899921
000000746702052023181199911
000000890102052023085499910
000000890102052023133299920
000000890102052023143299921
000000890102052023175899911
000000609902052023085599910
000000609902052023085599911
000000905902052023085799910
000000535102052023090099910
000000535102052023090099911
000000694002052023090299910
000000694002052023120899920
000000694002052023131699921
000000694002052023183299911
000000409702052023094999910
000000409702052023104899911
000000007002052023095199910
000000007002052023095299920
000000007002052023105399921
000000007002052023105499911
000000634102052023095599910
000000634102052023214199911
000000535102052023103799911
000000535102052023103799911
000000535102052023103799911
000000905902052023103899910
000000905902052023133499920
000000905902052023143599921
000000609902052023104899910
000000609902052023121999920
000000609902052023132099921
000000609902052023173799911
000000414402052023105599910
000000414402052023140299920
000000414402052023150399921
000000414402052023201999911
000000006602052023110099910
000000006602052023110099920
000000006602052023130099921
000000006602052023130099911
000000007802052023110199910
000000007802052023130199921
000000007802052023130199911
000000006802052023110199910
000000006802052023110199920
000000007902052023110299910
000000007902052023110299920
000000007902052023130299921
000000007902052023130299911
000000007502052023110299910
000000007502052023110299920
000000007502052023130099921
000000007502052023130099911
000000764102052023111099910
000000764102052023111099911
000000883702052023111199910
000000883702052023135899920
000000883702052023150099921
000000883702052023150099921
000000883702052023150099921
000000883702052023150099921
000000883702052023150099921
000000883702052023200199911
000000764102052023111699910
000000764102052023111699910
000000764102052023140099920
000000764102052023150299921
000000764102052023111699910
000000535102052023113899910
000000535102052023121599920
000000535102052023131999921
000000535102052023173599911
000000695202052023120299910
000000695202052023120299920
000000695202052023130399921
000000695202052023163299911
000000634102052023122899910
000000634102052023134099920
000000634102052023144199921
000000634102052023210999911
000000030602052023132199910
000000030602052023132199920
000000030602052023142299921
000000030602052023165899911
000000126402052023133199910
000000126402052023133299930
000000126402052023141199931
000000126402052023154899930
000000126402052023162599931
000000126402052023163199911
000000007002052023133299910
000000007002052023161399911
000000487402052023144299910
000000487402052023163799911
000000005702052023153799910
000000005702052023153799911
000000007002052023162499910
000000007002052023162499911
000000695202052023164899910
000000695202052023173499911
000000736102052023165899910
000000736102052023170699911
000000007902052023170499910
000000007902052023170499911
000000007802052023170699910
000000007802052023170699911
000000006802052023172099910
000000006802052023172099911
000000007502052023173299910
000000007502052023173299911
000000006602052023173599910
000000006602052023173599911
000000500702052023175199910
000000500702052023211399911
000000764102052023202899911
000000764102052023202899911
