000000006512012023045599910
000000006512012023081599911
000000006612012023053299910
000000006612012023103199920
000000006612012023113199921
000000006612012023153399911
000000300912012023055099910
000000300912012023104399920
000000300912012023114799921
000000609912012023055699910
000000609912012023092499911
000000500712012023060199910
000000500712012023102599920
000000500712012023112799921
000000500712012023121599930
000000500712012023144999931
000000500712012023144999931
000000500712012023145599911
000000171112012023060399910
000000171112012023100299920
000000171112012023110399921
000000171112012023122599911
000000409712012023060399910
000000409712012023092299930
000000409712012023104199931
000000409712012023104199920
000000409712012023115199921
000000409712012023115199930
000000409712012023134999931
000000409712012023171499911
000000487512012023060599910
000000487512012023102299920
000000487512012023112499921
000000487512012023121599911
000000634212012023060699910
000000634212012023083099930
000000634212012023095599931
000000634212012023101799920
000000634212012023112199921
000000634212012023112199930
000000634212012023122199931
000000634212012023122199931
000000634212012023152599911
000000525112012023062099910
000000525112012023062099911
000000525112012023062699910
000000525112012023115199920
000000525112012023125399921
000000525112012023151399911
000000590912012023065699910
000000590912012023115599920
000000590912012023125799921
000000590912012023151199911
000000591312012023065699910
000000591312012023122999920
000000591312012023133099921
000000591312012023151599911
000000149412012023065699910
000000149412012023065799911
000000007412012023065799910
000000007412012023065799911
000000007912012023065799910
000000007912012023065799911
000000006712012023065799910
000000006712012023065799911
000000639112012023065799910
000000639112012023121599920
000000639112012023131999921
000000639112012023154799911
000000487412012023065899910
000000487412012023120099920
000000487412012023130299921
000000487412012023130499911
000000830912012023065899910
000000830912012023122299920
000000830912012023132399921
000000830912012023154999911
000000007812012023065899910
000000007812012023115799920
000000007812012023125999921
000000007812012023173199911
000000007512012023065899910
000000007512012023065899911
000000029012012023065899910
000000029012012023125599920
000000029012012023145599921
000000029012012023172099911
000000652412012023065999910
000000652412012023121999920
000000652412012023132899921
000000652412012023162999911
000000007012012023065999910
000000007012012023075899930
000000007012012023102999931
000000007012012023110299920
000000007012012023130399921
000000007012012023134499911
000000452812012023065999910
000000452812012023083799930
000000452812012023122599931
000000452812012023122599920
000000452812012023132699921
000000452812012023150099911
000000731512012023070099910
000000731512012023120399920
000000731512012023130599921
000000731512012023163599911
000000005712012023070099910
000000005712012023110099920
000000005712012023130099921
000000005712012023141099911
000000622212012023070099910
000000622212012023121299920
000000622212012023131799921
000000006812012023070099910
000000006812012023090299930
000000006812012023110199931
000000006812012023110199920
000000006812012023120399921
000000006812012023134699911
000000689212012023070199910
000000689212012023121099920
000000689212012023131199921
000000689212012023160099911
000000153312012023071599910
000000153312012023111299920
000000153312012023131399921
000000153312012023171199911
000000306812012023072099910
000000306812012023110099920
000000306812012023130099921
000000306812012023170099911
000000034512012023072599910
000000034512012023113099920
000000034512012023133099921
000000034512012023172599911
000000009112012023072699910
000000009112012023110099920
000000009112012023130199921
000000009112012023172999911
000000052812012023072899910
000000052812012023113299920
000000052812012023123399921
000000052812012023163099911
000000483212012023072899910
000000483212012023072899911
000000190512012023072899910
000000190512012023113099920
000000190512012023132999921
000000190512012023174399911
000000488712012023072899910
000000488712012023113099920
000000488712012023123199921
000000488712012023153099911
000000731712012023072999910
000000731712012023120099920
000000731712012023140099921
000000781212012023075199910
000000781212012023133099920
000000781212012023143299921
000000781212012023173999911
000000846612012023075299910
000000846612012023110699920
000000846612012023130099921
000000846612012023173599911
000000266412012023075299910
000000266412012023121099920
000000266412012023132199921
000000266412012023170199911
000000416212012023075599910
000000416212012023114599930
000000416212012023115899931
000000416212012023120099920
000000416212012023120999921
000000416212012023124899920
000000416212012023134999921
000000416212012023164199911
000000631812012023075599910
000000631812012023075599930
000000631812012023082199931
000000631812012023115799920
000000631812012023130099921
000000631812012023170899911
000000197412012023075599910
000000197412012023075599930
000000197412012023083599931
000000197412012023085199930
000000197412012023085899931
000000197412012023090699930
000000197412012023091199931
000000197412012023092299930
000000197412012023094699931
000000197412012023100799930
000000197412012023101699931
000000197412012023102699930
000000197412012023104999931
000000197412012023105799930
000000197412012023111999931
000000197412012023111999931
000000197412012023112599930
000000197412012023114199931
000000197412012023115799930
000000197412012023120099931
000000197412012023120099920
000000197412012023130299921
000000197412012023130299930
000000197412012023130899931
000000197412012023132399930
000000197412012023132799931
000000197412012023134699930
000000197412012023135099931
000000197412012023135099930
000000197412012023141099931
000000197412012023141099931
000000197412012023141899930
000000197412012023150399931
000000197412012023150399931
000000197412012023151299930
000000197412012023152799931
000000197412012023153299930
000000197412012023153899931
000000197412012023154499930
000000197412012023155899931
000000197412012023160999930
000000197412012023162599931
000000197412012023163299930
000000197412012023170499931
000000197412012023170499931
000000197412012023170799911
000000028712012023075699910
000000028712012023075699930
000000028712012023120699931
000000028712012023120699920
000000028712012023130899921
000000028712012023130899930
000000028712012023155399931
000000028712012023155399931
000000028712012023163299930
000000028712012023170299931
000000028712012023170299911
000000292612012023075899910
000000292612012023075999911
000000210612012023075899910
000000210612012023114599920
000000210612012023124799921
000000210612012023170199911
000000083612012023075999910
000000083612012023154899911
000000292612012023075999910
000000292612012023080199911
000000738212012023080099910
000000738212012023120199920
000000738212012023140199921
000000738212012023180099911
000000302612012023080099910
000000302612012023120599920
000000302612012023130699921
000000302612012023170099911
000000906312012023080199910
000000906312012023120099920
000000906312012023130199921
000000906312012023145199911
000000063812012023080499910
000000063812012023131599920
000000063812012023141899921
000000063812012023174999911
000000483212012023080499910
000000483212012023113199920
000000483212012023123299921
000000483212012023152999911
000000030612012023080599910
000000030612012023080599911
000000292112012023080999910
000000292112012023121999920
000000292112012023132199921
000000292112012023172199911
000000292612012023081799911
000000292612012023081799910
000000292612012023091999930
000000292612012023114399931
000000292612012023122399930
000000746712012023085099910
000000746712012023130399920
000000746712012023143499921
000000746712012023181399911
000000890112012023085699910
000000890112012023130599920
000000890112012023140699921
000000890112012023172199911
000000764112012023095599910
000000764112012023130499920
000000764112012023140699921
000000764112012023193899911
000000758312012023095599910
000000758312012023135699920
000000758312012023145699921
000000758312012023145699911
000000905912012023095899910
000000905912012023095999911
000000609912012023100099910
000000609912012023100099920
000000609912012023110299921
000000609912012023154299911
000000859012012023105599910
000000859012012023143499920
000000859012012023153499921
000000859012012023191799911
000000414412012023105599910
000000414412012023144499920
000000414412012023154699921
000000414412012023191599911
000000007412012023105899910
000000007412012023105899920
000000007412012023125999921
000000007412012023125999911
000000007912012023105899910
000000007912012023105899920
000000007912012023125999921
000000007912012023125999911
000000007512012023105999910
000000007512012023105999920
000000007512012023130199921
000000007512012023130299911
000000006712012023110099910
000000006712012023110099920
000000006712012023130199921
000000006712012023130199911
000000030612012023121499910
000000030612012023125499920
000000030612012023135799921
000000030612012023170299911
000000292612012023124299910
000000292612012023124299920
000000292612012023134399921
000000292612012023134499911
000000171112012023124999910
000000171112012023153699911
000000149412012023130199910
000000149412012023130299911
000000487412012023130999910
000000487412012023165799911
000000487512012023134599910
000000487512012023162199911
000000905912012023135799910
000000905912012023135799920
000000905912012023145899921
000000905912012023145899911
000000535112012023112499920
000000535112012023122799921
000000535112012023140699911
000000758312012023150199910
000000005712012023150299910
000000005712012023150299911
000000452812012023150399910
000000452812012023152499911
000000758312012023152499910
000000758312012023204499911
000000006812012023154299910
000000006812012023154299911
000000007512012023154299910
000000007512012023154299911
000000006712012023155199910
000000006712012023155199911
000000007412012023161199910
000000007412012023161199911
000000007012012023161399910
000000007012012023161399911
000000007912012023162199910
000000007912012023162199911
000000483212012023163699910
000000483212012023163799911
000000292612012023170199910
000000292612012023170399911
000000149412012023175999910
000000149412012023175999920
000000149412012023190199921
000000149412012023190399911
000000694012012023120999920
000000694012012023131699921
000000694012012023180499911
000000905912012023184599910
000000905912012023184599911
