000000028713012023043199910
000000028713012023071999911
000000006813012023045399910
000000006813012023070399930
000000006813012023082699931
000000006813012023090599930
000000006813012023104999931
000000006813012023104999920
000000006813012023115599921
000000006813012023133499911
000000007813012023045899910
000000007813012023075899911
000000006613012023053599910
000000006613012023101399920
000000006613012023111299921
000000006613012023144999911
000000634213012023055699910
000000634213012023060699911
000000171113012023055799910
000000171113012023101699920
000000171113012023111799921
000000171113012023142299911
000000483213012023055899910
000000483213012023075699911
000000487413012023055999910
000000487413012023113299920
000000487413012023123499921
000000487413012023164099911
000000005713012023055999910
000000005713012023104399920
000000005713012023114599921
000000005713012023143799911
000000500713012023060099910
000000500713012023121099911
000000487513012023060199910
000000487513012023100099920
000000487513012023110199921
000000487513012023141899911
000000409713012023060199910
000000409713012023085799930
000000409713012023095399931
000000409713012023095499920
000000409713012023105799921
000000409713012023105799930
000000409713012023112599931
000000409713012023143299911
000000300913012023060299910
000000300913012023095999920
000000300913012023110299921
000000300913012023111899911
000000622213012023060399910
000000622213012023060399911
000000622213012023062199910
000000622213012023095599920
000000622213012023105799921
000000622213012023150399911
000000525113012023062299910
000000525113012023101799920
000000525113012023111999921
000000525113012023112099911
000000007013012023062399910
000000007013012023101799920
000000007013012023112199921
000000007013012023112199911
000000639113012023065599910
000000639113012023121799920
000000639113012023132099921
000000639113012023150699911
000000590913012023065599910
000000590913012023114999920
000000590913012023125099921
000000590913012023153299911
000000731513012023065599910
000000731513012023123099920
000000731513012023133299921
000000731513012023161599911
000000007413012023065699910
000000007413012023065699911
000000007913012023065699910
000000007913012023065699911
000000006513012023065699910
000000006513012023110499920
000000006513012023130699921
000000006513012023134299911
000000830913012023065699910
000000830913012023111299920
000000830913012023121399921
000000830913012023111299920
000000830913012023152299911
000000452813012023065699910
000000006713012023065799910
000000006713012023075899930
000000006713012023085899931
000000006713012023090299930
000000006713012023100899931
000000006713012023110599920
000000006713012023130699921
000000006713012023130699911
000000007213012023065799910
000000007213012023065799911
000000007513012023065799910
000000007513012023065799911
000000689213012023065899910
000000689213012023121799920
000000689213012023131799921
000000689213012023175099911
000000007713012023065899910
000000007713012023065899911
000000652413012023070299910
000000652413012023120699920
000000652413012023130999921
000000652413012023160899911
000000153313012023071599910
000000153313012023111999920
000000153313012023131999921
000000153313012023171299911
000000306813012023072099910
000000306813012023110099920
000000306813012023130099921
000000306813012023170099911
000000034513012023072599910
000000034513012023111799920
000000034513012023131799921
000000034513012023172599911
000000009113012023072699910
000000009113012023110299920
000000009113012023130599921
000000009113012023173099911
000000190513012023072999910
000000190513012023110499920
000000190513012023130399921
000000488713012023072999910
000000488713012023113699920
000000488713012023123799921
000000488713012023152999911
000000052813012023073099910
000000052813012023114399920
000000052813012023124599921
000000052813012023154299911
000000535113012023073199910
000000535113012023114199920
000000535113012023124699921
000000535113012023171099911
000000266413012023075099910
000000266413012023120699920
000000266413012023131699921
000000266413012023170599911
000000906313012023075099910
000000906313012023125699920
000000906313012023135599921
000000906313012023170299911
000000631813012023075599910
000000631813012023075599930
000000631813012023082599931
000000631813012023123699920
000000631813012023133699921
000000631813012023160199930
000000631813012023165899931
000000631813012023165899911
000000416213012023075599910
000000416213012023075599930
000000416213012023083599931
000000416213012023110799930
000000416213012023113199931
000000416213012023113199920
000000416213012023133299921
000000416213012023174299911
000000197413012023075699910
000000197413012023075699930
000000197413012023082299931
000000197413012023082299931
000000197413012023082299911
000000846613012023075699910
000000846613012023132199920
000000846613012023151999921
000000846613012023175199911
000000007813012023075899910
000000007813012023114599920
000000007813012023124799921
000000007813012023153199911
000000210613012023080099910
000000210613012023113899920
000000210613012023123999921
000000210613012023180299911
000000030613012023080099910
000000030613012023080099911
000000302613012023080099910
000000302613012023120299920
000000302613012023130499921
000000302613012023170099911
000000738213012023080099910
000000738213012023150899920
000000738213012023170999921
000000738213012023180099911
000000063813012023080199910
000000063813012023132899920
000000063813012023143099921
000000063813012023175199911
000000591313012023080399910
000000591313012023122099920
000000591313012023132199921
000000591313012023173199911
000000029013012023080699910
000000029013012023121199920
000000029013012023141199921
000000029013012023180299911
000000292113012023080799910
000000292113012023120899920
000000292113012023130999921
000000292113012023174599911
000000028713012023082999910
000000028713012023083099920
000000028713012023093499921
000000028713012023124699930
000000028713012023130899931
000000028713012023133999911
000000746713012023085399910
000000746713012023130599920
000000746713012023143799921
000000746713012023181299911
000000083613012023085499910
000000083613012023162599911
000000609913012023085599910
000000609913012023085999911
000000694013012023085999910
000000694013012023120599920
000000694013012023131199921
000000694013012023180399911
000000890113012023090499910
000000890113012023090499911
000000731713012023092099910
000000731713012023120099920
000000731713012023140099921
000000758313012023094599910
000000758313012023095099911
000000905913012023095599910
000000905913012023095699911
000000764113012023100099910
000000764113012023143199920
000000764113012023153399921
000000764113012023191299911
000000483213012023100199910
000000483213012023100199920
000000483213012023110299921
000000483213012023110299911
000000758313012023100799910
000000758313012023144199911
000000781213012023101399910
000000781213012023130399920
000000781213012023140499921
000000781213012023201699911
000000609913012023101699910
000000609913012023150899921
000000609913012023180199911
000000859013012023105599910
000000859013012023142899920
000000859013012023152999921
000000859013012023191299911
000000414413012023105699910
000000414413012023152199920
000000414413012023162599921
000000414413012023191599911
000000007413012023105899910
000000007413012023105899920
000000007413012023125999921
000000007413012023125999911
000000007213012023105999910
000000007213012023105999920
000000007213012023130399921
000000007213012023130399911
000000007513012023105999910
000000007513012023105999920
000000007513012023130099921
000000007513012023130099911
000000007713012023105999910
000000007713012023105999920
000000007713012023130199921
000000007713012023130199911
000000007913012023110099910
000000007913012023110099920
000000007913012023130199921
000000007913012023130199911
000000452813012023111199910
000000452813012023183199911
000000483213012023111799910
000000483213012023120299911
000000525113012023112399910
000000007013012023113299910
000000007013012023152899911
000000300913012023115899910
000000300913012023151799911
000000452813012023120399910
000000452813012023122799920
000000452813012023133099921
000000452813012023150499911
000000500713012023122899910
000000500713012023125999920
000000500713012023140599921
000000500713012023151799911
000000197413012023123899910
000000197413012023123999920
000000197413012023134199921
000000197413012023134199930
000000149413012023130299910
000000149413012023130299911
000000030613012023131399910
000000030613012023131399920
000000030613012023141499921
000000030613012023141499911
000000483213012023133099910
000000483213012023135499911
000000030613012023144199910
000000030613012023181599911
000000758313012023144899910
000000758313012023164299920
000000758313012023174399921
000000758313012023193399911
000000006713012023150999910
000000006713012023150999911
000000007013012023153499910
000000007013012023153499911
000000634213012023153499910
000000634213012023153599911
000000006513012023160399910
000000006513012023160399911
000000007413012023162699910
000000007413012023162699911
000000007513012023162899910
000000007513012023162899911
000000007213012023163399910
000000007213012023163399911
000000007913012023163499910
000000007913012023163499911
000000149413012023173699910
000000149413012023173699920
000000149413012023183899921
000000149413012023183899911
000000890113012023173799910
000000890113012023173799911
000000890113012023173899910
000000890113012023173899911
000000149413012023200899910
000000149413012023204299911
000000905913012023205399910
000000905913012023205399911
