000000028703052023042999910
000000028703052023071899911
000000007403052023045999910
000000007403052023103399920
000000007403052023113399921
000000007403052023133499911
000000007303052023050099910
000000007303052023080399911
000000007703052023050099910
000000007703052023073999911
000000006703052023055599910
000000006703052023073299930
000000006703052023082199931
000000006703052023105599911
000000609903052023055599910
000000609903052023080299911
000000535103052023055799910
000000535103052023121199920
000000535103052023131499921
000000535103052023165299911
000000525103052023055899910
000000525103052023110199920
000000525103052023120399921
000000525103052023141699911
000000409703052023060199910
000000409703052023060199911
000000171103052023060199910
000000171103052023110799920
000000171103052023120999921
000000171103052023153799911
000000300903052023060199910
000000300903052023095999920
000000300903052023110099921
000000300903052023095999920
000000300903052023163199911
000000007003052023060199910
000000007003052023060199911
000000007603052023060599910
000000007603052023110599920
000000007603052023120599921
000000007603052023152399911
000000487503052023060699910
000000487503052023060699911
000000634203052023060999910
000000634203052023071999930
000000634203052023102299931
000000634203052023102299931
000000634203052023102299920
000000634203052023113299921
000000634203052023113299930
000000634203052023145799931
000000634203052023184799911
000000296403052023061199910
000000296403052023110699911
000000487503052023061199910
000000487503052023100799920
000000487503052023110999921
000000487503052023152699911
000000622203052023061699910
000000622203052023061699911
000000409703052023062099910
000000409703052023084699930
000000409703052023100499931
000000409703052023100499920
000000409703052023110599921
000000409703052023113099930
000000409703052023130299931
000000622203052023062899910
000000622203052023084599911
000000005703052023063599910
000000005703052023101899920
000000005703052023101899920
000000452803052023065499910
000000452803052023164799911
000000083603052023065599910
000000083603052023070299930
000000083603052023082999931
000000083603052023070299930
000000083603052023070299930
000000083603052023070299930
000000083603052023125199920
000000083603052023145799921
000000083603052023170099911
000000007803052023065699910
000000007803052023065699911
000000590903052023065799910
000000590903052023114699920
000000590903052023123799921
000000590903052023143599911
000000830903052023065799910
000000830903052023115499920
000000830903052023125599921
000000830903052023151699911
000000731503052023065899910
000000731503052023065899911
000000408903052023065899910
000000408903052023113499920
000000408903052023123599921
000000500703052023065899910
000000500703052023070999911
000000007903052023065899910
000000007903052023065899911
000000758303052023065899910
000000758303052023115299920
000000758303052023125399921
000000758303052023173599911
000000689203052023065999910
000000689203052023122099920
000000689203052023132199921
000000689203052023144499911
000000639103052023070199910
000000639103052023120399920
000000639103052023130399921
000000639103052023151599911
000000006603052023070299910
000000006603052023070299910
000000006603052023115899920
000000006603052023125999921
000000006603052023115899920
000000006803052023070699910
000000006803052023114899920
000000006803052023135099921
000000006803052023143399911
000000239503052023070799910
000000239503052023113299920
000000239503052023123299921
000000239503052023162599911
000000153303052023071599910
000000153303052023114999920
000000153303052023135199921
000000153303052023172299911
000000029003052023071699910
000000029003052023120099920
000000029003052023140099921
000000029003052023171099911
000000306803052023072099910
000000306803052023115099920
000000306803052023135399921
000000306803052023170199911
000000034503052023072599910
000000034503052023111099920
000000034503052023131099921
000000034503052023173399911
000000731703052023072799910
000000731703052023111099920
000000731703052023131099921
000000731703052023172999911
000000268903052023072799910
000000268903052023114699920
000000268903052023124799921
000000268903052023162899911
000000488703052023072799910
000000488703052023113299920
000000488703052023123399921
000000488703052023163099911
000000052803052023072799910
000000052803052023114799920
000000052803052023125099921
000000052803052023163399911
000000021703052023072899910
000000021703052023115599920
000000021703052023135599921
000000021703052023173099911
000000483203052023072899910
000000483203052023113199920
000000483203052023123299921
000000483203052023162999911
000000500703052023072999910
000000500703052023083699930
000000500703052023111399931
000000190503052023073099910
000000190503052023111499920
000000190503052023131599921
000000190503052023111499920
000000190503052023175899911
000000126403052023073599910
000000126403052023073599930
000000126403052023105999931
000000126403052023120499920
000000126403052023130599921
000000126403052023152699930
000000126403052023154999931
000000126403052023165599911
000000007703052023074499910
000000007703052023110599920
000000007703052023120899921
000000007703052023153299911
000000846603052023074599910
000000846603052023111699920
000000846603052023130199921
000000846603052023175099911
000000266403052023075399910
000000266403052023120199920
000000266403052023131199921
000000266403052023174299911
000000416203052023075599910
000000416203052023075599930
000000416203052023084099931
000000416203052023123999920
000000416203052023144199921
000000416203052023175799911
000000631803052023075599910
000000631803052023075599930
000000631803052023090899931
000000631803052023112799930
000000631803052023115999931
000000631803052023115999920
000000631803052023130099921
000000631803052023130099930
000000631803052023164699931
000000631803052023165899911
000000197403052023075699910
000000197403052023075699911
000000695203052023075699910
000000695203052023121799920
000000695203052023132199921
000000299103052023075799910
000000299103052023120799920
000000299103052023131099921
000000299103052023131199911
000000210603052023075899910
000000210603052023122699920
000000210603052023132999921
000000210603052023170199911
000000767503052023075999910
000000767503052023120299920
000000767503052023130499921
000000767503052023172599911
000000736103052023080099910
000000736103052023120599920
000000736103052023130699921
000000736103052023170099911
000000063803052023080099910
000000063803052023124599920
000000063803052023134799921
000000063803052023173199911
000000738203052023080099910
000000738203052023125499920
000000738203052023145699921
000000738203052023180699911
000000906303052023080199910
000000906303052023123199920
000000906303052023133199921
000000906303052023171399911
000000030603052023080199910
000000030603052023080199911
000000746703052023080399910
000000746703052023141999920
000000746703052023155899921
000000746703052023181099911
000000302603052023080599910
000000292603052023080699910
000000292603052023121199920
000000292603052023131299921
000000292603052023170399911
000000292103052023080699910
000000292103052023125699920
000000292103052023135999921
000000292103052023174599911
000000742503052023081199910
000000742503052023133899920
000000742503052023190899921
000000742503052023190899911
000000030603052023082699910
000000030603052023115499920
000000030603052023125599921
000000030603052023185999911
000000028703052023084199910
000000028703052023084199920
000000028703052023094399921
000000028703052023123599930
000000028703052023130299931
000000028703052023133499911
000000225403052023084799910
000000225403052023114699920
000000225403052023124799921
000000225403052023165699911
000000694003052023090099910
000000694003052023122399920
000000694003052023132999921
000000694003052023183199911
000000890103052023091499910
000000890103052023130199920
000000890103052023140999921
000000890103052023091499910
000000617903052023092799910
000000617903052023100799930
000000617903052023115499931
000000617903052023115499931
000000617903052023115499920
000000617903052023134599921
000000617903052023174899911
000000007003052023094999910
000000007003052023094999920
000000007003052023105099921
000000007003052023105099911
000000634103052023095599910
000000634103052023095599910
000000634103052023095599910
000000634103052023095599910
000000634103052023155599920
000000634103052023165599921
000000634103052023155599920
000000634103052023095599910
000000487403052023100199910
000000487403052023102299911
000000731503052023100899910
000000731503052023114499920
000000731503052023124599921
000000731503052023164099911
000000487403052023102699910
000000487403052023150899920
000000487403052023161199921
000000487403052023182099911
000000414403052023105599910
000000414403052023144099920
000000414403052023154299921
000000414403052023192899911
000000011003052023110099910
000000011003052023110099920
000000011003052023120199921
000000011003052023145799911
000000883703052023110199910
000000883703052023144099920
000000883703052023192499921
000000883703052023192499921
000000883703052023192499911
000000007503052023110399910
000000007503052023110399920
000000007503052023120499921
000000007503052023120499911
000000764103052023110399910
000000764103052023141299920
000000764103052023151499921
000000764103052023204899911
000000006703052023110499910
000000006703052023110499911
000000296403052023110899910
000000296403052023110899920
000000007903052023111599910
000000007903052023111599920
000000007903052023130099921
000000007903052023130099911
000000005703052023113599910
000000005703052023152299911
000000622203052023115199910
000000622203052023115199920
000000622203052023125399921
000000452803052023115999910
000000452803052023123699920
000000452803052023133799921
000000452803052023142499911
000000500703052023120199910
000000500703052023130299920
000000500703052023140699921
000000500703052023140699930
000000500703052023164599931
000000500703052023173299911
000000609903052023121199910
000000609903052023121199920
000000609903052023131399921
000000609903052023131899911
000000149403052023130899910
000000149403052023130899911
000000905903052023145399910
000000905903052023190499920
000000905903052023200699921
000000905903052023145399910
000000007003052023150499910
000000007003052023150499911
000000689203052023150999910
000000689203052023154199911
000000622203052023160799910
000000622203052023160799911
000000695203052023164999910
000000695203052023171999911
000000197403052023165899910
000000197403052023165899911
000000007503052023170199910
000000007503052023170199911
000000292603052023170499910
000000292603052023170499911
000000006803052023170999910
000000006803052023170999911
000000006603052023172699911
000000006603052023172699911
000000006603052023172699911
000000006603052023172699911
000000007903052023172999910
000000007903052023172999911
000000149403052023173199910
000000149403052023173199920
000000149403052023183699921
000000149403052023183699911
000000890103052023180099911
000000634103052023205699911
000000634103052023205699911
000000634103052023205699911
000000149403052023214199910
000000149403052023214399911
