000000736121032023080999911
000000028721032023043599910
000000028721032023072199911
000000007721032023050099910
000000007721032023073799911
000000007321032023055199910
000000007321032023055199911
000000609921032023055599910
000000609921032023095799920
000000609921032023105899921
000000609921032023113599911
000000171121032023055699910
000000171121032023055999911
000000500721032023055699910
000000500721032023065699911
000000011021032023055699910
000000011021032023071499911
000000409721032023055799910
000000409721032023083199930
000000409721032023101299931
000000409721032023110099920
000000409721032023120199921
000000409721032023120199930
000000409721032023124099931
000000487521032023055999910
000000487521032023100099920
000000487521032023110299921
000000296421032023060099910
000000296421032023103899920
000000296421032023114099921
000000296421032023130999911
000000634221032023060099910
000000634221032023110899920
000000634221032023121999921
000000634221032023121999930
000000634221032023131499931
000000300921032023060099910
000000300921032023104099920
000000300921032023114199921
000000300921032023164099911
000000525121032023060399910
000000525121032023061499911
000000171121032023061199910
000000171121032023101299911
000000525121032023061699910
000000525121032023103599920
000000525121032023114099921
000000005721032023062699910
000000005721032023103699911
000000622221032023063699910
000000622221032023063699911
000000414421032023065599910
000000414421032023065599911
000000634121032023065699910
000000634121032023123299920
000000634121032023133299921
000000007421032023065699910
000000007421032023104599920
000000007421032023124599921
000000007021032023065699910
000000007021032023065699910
000000591321032023065699910
000000591321032023115299920
000000591321032023125499921
000000007021032023065699911
000000590921032023065699910
000000590921032023115299920
000000590921032023125599921
000000830921032023065699910
000000830921032023122499920
000000830921032023132599921
000000083621032023065699910
000000083621032023070199930
000000083621032023100699931
000000083621032023121999920
000000007921032023065699910
000000007921032023065699911
000000689221032023065799910
000000689221032023113699920
000000689221032023123799921
000000689221032023163899911
000000007821032023065799910
000000007821032023065799911
000000009121032023065899910
000000009121032023113699920
000000009121032023133799921
000000006521032023065899910
000000006521032023115599920
000000006521032023125699921
000000006521032023173299911
000000006821032023065999910
000000006821032023091799930
000000006821032023110899931
000000006821032023111799920
000000006821032023121899921
000000006821032023111799920
000000006821032023132399911
000000007521032023070099910
000000007521032023070099911
000000239521032023070099910
000000239521032023113399920
000000239521032023123399921
000000306821032023070099910
000000306821032023111899920
000000306821032023131899921
000000306821032023173199911
000000408921032023070299910
000000408921032023132699920
000000652421032023070399910
000000652421032023120499920
000000652421032023131099921
000000452821032023070399910
000000452821032023071699911
000000622221032023070499910
000000622221032023110199920
000000622221032023120299921
000000731521032023070599910
000000731521032023112499920
000000731521032023122599921
000000731521032023161599911
000000500721032023070799910
000000500721032023091199930
000000500721032023114499931
000000500721032023120199920
000000500721032023130299921
000000500721032023130299930
000000153321032023071699910
000000153321032023120499920
000000153321032023171499911
000000452821032023071899910
000000452821032023092899930
000000452821032023110299931
000000452821032023115199920
000000452821032023125399921
000000190521032023072599910
000000190521032023111399920
000000190521032023131899921
000000190521032023174099911
000000034521032023072699910
000000034521032023113099920
000000034521032023133099921
000000034521032023180799911
000000731721032023072699910
000000731721032023120299920
000000731721032023172699911
000000021721032023072799910
000000021721032023110399920
000000021721032023130399921
000000021721032023173099911
000000268921032023072799910
000000268921032023114699920
000000268921032023124799921
000000268921032023163299911
000000488721032023072899910
000000488721032023114099920
000000488721032023124199921
000000488721032023162799911
000000052821032023072899910
000000052821032023115699920
000000052821032023125799921
000000535121032023073099910
000000535121032023113399920
000000535121032023123699921
000000535121032023165899911
000000416221032023073399910
000000416221032023092299930
000000416221032023103299931
000000416221032023115699920
000000416221032023170599911
000000007721032023074299910
000000007721032023111199920
000000007721032023121399921
000000266421032023075299910
000000266421032023120399920
000000266421032023131499921
000000266421032023171399911
000000631821032023075599910
000000631821032023075599930
000000631821032023084099931
000000631821032023120099920
000000631821032023130199921
000000631821032023165799931
000000631821032023165999911
000000695221032023075699910
000000210621032023075899910
000000210621032023122399920
000000210621032023132499921
000000210621032023183199911
000000694021032023075999910
000000694021032023123499920
000000694021032023133999921
000000694021032023170599911
000000738221032023080099910
000000738221032023181399911
000000225421032023080099910
000000225421032023115499920
000000225421032023125699921
000000225421032023165699911
000000028721032023080099910
000000028721032023080099930
000000028721032023082999931
000000028721032023083199920
000000028721032023093399921
000000028721032023123199930
000000028721032023131299931
000000028721032023133499911
000000302621032023080099910
000000302621032023120599920
000000302621032023130699921
000000302621032023170099911
000000906321032023080499910
000000906321032023124199920
000000906321032023134299921
000000906321032023170199911
000000846621032023080599910
000000846621032023120099920
000000846621032023134199921
000000846621032023174199911
000000030621032023080699910
000000736121032023080999910
000000736121032023121299920
000000736121032023131299921
000000736121032023171399911
000000292121032023081099910
000000292121032023120199920
000000292121032023130499921
000000292121032023130499921
000000292121032023182499911
000000063821032023081699910
000000063821032023081699911
000000414421032023082099910
000000414421032023120599920
000000414421032023130699921
000000414421032023185999911
000000746721032023085499910
000000746721032023113499920
000000746721032023130499921
000000746721032023181199911
000000487421032023085599910
000000487421032023092399911
000000890121032023094499910
000000890121032023132399920
000000890121032023181699911
000000487421032023094999910
000000859021032023100799910
000000859021032023191799911
000000005721032023103899910
000000005721032023103899920
000000005721032023113999921
000000171121032023103999910
000000171121032023103999920
000000171121032023114199921
000000007321032023105599910
000000007321032023105599920
000000007321032023115799921
000000007321032023115799911
000000883721032023105599910
000000883721032023191899911
000000007921032023105799910
000000007921032023105799920
000000007921032023130199921
000000007921032023130199921
000000007921032023130199921
000000007921032023130199921
000000764121032023105899910
000000764121032023133999920
000000764121032023191099911
000000007021032023105899910
000000007021032023105899920
000000007021032023130299921
000000007021032023130299911
000000007521032023105999910
000000007521032023105999920
000000007521032023130099921
000000007521032023130099911
000000007821032023110699910
000000007821032023110699920
000000007821032023130799921
000000007821032023130799911
000000609921032023115099910
000000609921032023182499911
000000905921032023121199910
000000905921032023121199911
000000149421032023130099910
000000149421032023130199911
000000296421032023131199910
000000296421032023161199911
000000905921032023131399910
000000905921032023131499911
000000030621032023134899910
000000030621032023134899920
000000030621032023154899910
000000030621032023165599911
000000007521032023160599910
000000007521032023160599911
000000007421032023162699910
000000007421032023162699911
000000007921032023162999910
000000007921032023162999911
000000006821032023163199910
000000006821032023163199911
000000452821032023170199911
000000452821032023170199911
000000452821032023170199911
000000452821032023170199911
000000149421032023175599910
000000149421032023175699920
000000149421032023190099921
000000149421032023190099911
000000695221032023180099911
000000695221032023180099911
000000487421032023173899920
000000487421032023184199921
000000487421032023200099911
000000905921032023200199910
000000905921032023200299911
000000149421032023212999910
000000149421032023213099911
