000000846624032023080599911
000000028724032023043399910
000000028724032023072399911
000000007724032023050099910
000000007724032023073799911
000000007324032023050199910
000000007324032023082799911
000000006824032023050199910
000000006824032023070999930
000000006824032023074299931
000000006824032023084599930
000000006824032023110299931
000000006824032023111399920
000000006824032023121699921
000000006824032023133899911
000000292124032023055599910
000000292124032023125099920
000000292124032023125099921
000000292124032023131499920
000000292124032023141599921
000000292124032023164999911
000000535124032023055599910
000000535124032023074199911
000000006524032023055699910
000000006524032023072099911
000000171124032023055799910
000000171124032023100099920
000000171124032023110299921
000000171124032023150799911
000000011024032023055899910
000000011024032023070799911
000000296424032023060099910
000000296424032023105099920
000000296424032023115199921
000000296424032023155599911
000000409724032023060099910
000000409724032023060099911
000000525124032023060199910
000000525124032023113599920
000000525124032023123899921
000000525124032023145699911
000000300924032023060199910
000000300924032023100099920
000000300924032023110199921
000000300924032023170299911
000000005724032023060499910
000000409724032023060699910
000000409724032023093999920
000000409724032023104099921
000000409724032023104099911
000000487524032023061399910
000000487524032023061399911
000000634224032023061799910
000000634224032023061799911
000000634224032023062899910
000000634224032023095999930
000000634224032023104999931
000000634224032023104999920
000000634224032023115999921
000000634224032023115999930
000000634224032023124899931
000000634224032023165599911
000000009124032023062999910
000000009124032023102199911
000000083624032023065499910
000000083624032023065999930
000000083624032023091799931
000000083624032023125299920
000000083624032023150399921
000000083624032023150399921
000000083624032023170199911
000000414424032023065599910
000000414424032023065599911
000000634124032023065599910
000000634124032023111699920
000000634124032023121699921
000000634124032023155899911
000000830924032023065699910
000000830924032023123699920
000000830924032023133799921
000000830924032023123699920
000000830924032023151799911
000000239524032023065699910
000000239524032023113599920
000000239524032023123699921
000000239524032023123699921
000000239524032023160099911
000000007424032023065699910
000000007424032023105899920
000000007424032023125899921
000000007424032023125899921
000000007424032023125899911
000000007824032023065699910
000000007824032023111599911
000000007924032023065699910
000000007924032023065699911
000000591324032023065699910
000000591324032023131099920
000000591324032023140899921
000000591324032023171799911
000000590924032023065799910
000000590924032023123199920
000000590924032023133299921
000000590924032023155099911
000000487524032023065799910
000000487524032023103199911
000000007024032023065899910
000000007024032023065899911
000000007524032023065999910
000000007524032023065999911
000000408924032023065999910
000000408924032023111899920
000000408924032023122099921
000000408924032023170099911
000000500724032023070099910
000000500724032023115699911
000000306824032023070099910
000000306824032023122099920
000000306824032023142099921
000000306824032023170099911
000000622224032023070199910
000000622224032023070399911
000000689224032023070199910
000000689224032023121299920
000000689224032023131499921
000000689224032023165399911
000000652424032023070599910
000000452824032023070599910
000000452824032023115399920
000000452824032023125599921
000000452824032023163199911
000000652424032023070699911
000000652424032023070699911
000000622224032023070799910
000000622224032023101199920
000000622224032023111599921
000000622224032023111599911
000000153324032023071699910
000000153324032023112999920
000000153324032023133099921
000000153324032023172699911
000000731524032023071799910
000000731524032023112199920
000000731524032023122799921
000000731524032023152999911
000000011024032023072599910
000000011024032023110099920
000000011024032023120299921
000000011024032023142999911
000000006524032023072599910
000000006524032023090499911
000000034524032023072799910
000000034524032023121199920
000000034524032023141199921
000000034524032023173799911
000000052824032023072899910
000000052824032023113999920
000000052824032023124199921
000000052824032023163199911
000000268924032023072999910
000000268924032023113899920
000000268924032023124099921
000000731724032023072999910
000000731724032023121099920
000000731724032023141099921
000000731724032023172599911
000000021724032023072999910
000000021724032023112099920
000000021724032023132099921
000000021724032023173899911
000000488724032023072999910
000000488724032023082299930
000000488724032023084199931
000000488724032023113399920
000000488724032023162899911
000000190524032023072999910
000000190524032023110399920
000000190524032023130399921
000000190524032023175199911
000000007724032023074699910
000000007724032023110799920
000000007724032023120899921
000000007724032023153099911
000000266424032023075199910
000000266424032023105499911
000000535124032023075199910
000000535124032023110999920
000000535124032023121399921
000000535124032023153499911
000000695224032023075599910
000000416224032023075599910
000000416224032023075599930
000000416224032023084899931
000000416224032023101299930
000000416224032023105499931
000000416224032023123799920
000000416224032023143899921
000000416224032023174899911
000000063824032023075599910
000000063824032023075599911
000000197424032023075699910
000000197424032023075699930
000000197424032023082399931
000000197424032023082399931
000000197424032023084699930
000000197424032023092599931
000000197424032023095199930
000000197424032023100799931
000000197424032023102699930
000000197424032023105899931
000000197424032023115399930
000000197424032023123699931
000000197424032023123699920
000000197424032023133799921
000000197424032023142299930
000000197424032023143999931
000000197424032023150799930
000000197424032023151799931
000000197424032023154199930
000000197424032023160099931
000000197424032023162399930
000000197424032023170599931
000000197424032023170599911
000000694024032023075899910
000000694024032023121799920
000000694024032023132199921
000000694024032023170499911
000000631824032023080099910
000000631824032023080199911
000000738224032023080099910
000000738224032023120999920
000000738224032023141099921
000000738224032023180199911
000000225424032023080199910
000000225424032023122699920
000000225424032023132899921
000000225424032023170199911
000000302624032023080199910
000000302624032023120099920
000000302624032023130299921
000000302624032023170099911
000000210624032023080299910
000000210624032023121299920
000000210624032023131499921
000000210624032023170499911
000000906324032023080599910
000000906324032023131499920
000000906324032023141499921
000000906324032023172299911
000000846624032023080599910
000000846624032023120199920
000000846624032023134699921
000000846624032023173699911
000000030624032023080799910
000000030624032023165899911
000000028724032023083099910
000000028724032023083099920
000000028724032023093499921
000000028724032023123999930
000000028724032023130599931
000000746724032023085099910
000000746724032023092099930
000000746724032023094499931
000000746724032023130899920
000000746724032023143899921
000000746724032023181199911
000000030624032023092199910
000000030624032023115999911
000000905924032023092199910
000000905924032023122999920
000000905924032023133099921
000000905924032023194799911
000000063824032023094299910
000000063824032023125699920
000000063824032023135899921
000000063824032023184999911
000000890124032023095599910
000000890124032023151999920
000000890124032023162099921
000000890124032023183599911
000000487424032023095799910
000000487424032023160299911
000000859024032023101099910
000000859024032023165899921
000000859024032023191499911
000000009124032023102399910
000000009124032023102399920
000000009124032023112599921
000000009124032023145899911
000000409724032023104399910
000000409724032023151799911
000000764124032023105899910
000000764124032023140099920
000000764124032023150399921
000000764124032023182799911
000000007524032023105899910
000000007524032023105899920
000000007524032023130199921
000000007524032023130199911
000000007924032023105899910
000000007924032023105899920
000000007924032023130099921
000000007924032023105899920
000000007924032023130099911
000000266424032023110399910
000000266424032023133399920
000000266424032023144599921
000000266424032023171999911
000000007024032023110599910
000000007024032023110599920
000000622224032023112799910
000000149424032023113499910
000000149424032023113599911
000000006524032023113599910
000000006524032023113599920
000000006524032023123699921
000000006524032023123699911
000000500724032023120099910
000000500724032023122899920
000000500724032023132999921
000000500724032023132999930
000000500724032023142899931
000000500724032023150299930
000000500724032023155199931
000000500724032023163399911
000000030624032023120399910
000000030624032023123999911
000000414424032023120799910
000000414424032023120799920
000000414424032023130899921
000000414424032023154699911
000000030624032023125099910
000000030624032023125099920
000000030624032023135199921
000000030624032023155699911
000000883724032023125699910
000000883724032023144999920
000000883724032023155499921
000000883724032023144999920
000000883724032023155499921
000000883724032023202599911
000000006524032023143099910
000000006524032023143099911
000000487524032023115599920
000000487524032023125999921
000000487524032023125999921
000000487524032023143599911
000000609924032023145599910
000000609924032023145599911
000000009124032023153499910
000000009124032023153599911
000000652424032023160999910
000000652424032023161099911
000000487424032023161299910
000000487424032023191899920
000000487424032023202199921
000000487424032023210099911
000000007424032023161699910
000000007424032023161699911
000000414424032023161799910
000000414424032023194799911
000000007024032023161899910
000000007024032023161899911
000000007024032023162899910
000000007024032023163099911
000000007524032023162899910
000000007524032023162899911
000000007924032023163299910
000000007924032023163299911
000000590924032023164099910
000000590924032023193699911
000000266424032023172699910
000000631824032023173599910
000000631824032023173599911
000000149424032023173699910
000000149424032023173699920
000000149424032023183899921
000000149424032023183999911
000000149424032023200599910
000000149424032023200599911
000000609924032023232499910
000000609924032023232499911
000000487524032023115599920
000000487524032023115599920
