000000171103032023101899920
000000171103032023111999921
000000171103032023130199911
000000007003032023110299921
000000007003032023110299911
000000028703032023043199910
000000028703032023071899911
000000006803032023050099910
000000006803032023072299930
000000006803032023084999931
000000006803032023100299930
000000006803032023110099931
000000006803032023110099920
000000006803032023120199921
000000006803032023135399911
000000006503032023050199910
000000006503032023072399911
000000007803032023055699910
000000007803032023095999920
000000007803032023110099921
000000007803032023095999920
000000007803032023095999920
000000007803032023141499911
000000171103032023055799910
000000171103032023092599911
000000011003032023055899910
000000011003032023071799911
000000487503032023055899910
000000487503032023055899911
000000296403032023060099910
000000296403032023103499920
000000296403032023113699921
000000296403032023152699911
000000525103032023060099910
000000525103032023061399911
000000300903032023060199910
000000300903032023100299920
000000300903032023110399921
000000300903032023142199911
000000409703032023060199910
000000409703032023060299930
000000409703032023064999931
000000409703032023095099920
000000409703032023110299921
000000409703032023130699911
000000622203032023060299910
000000622203032023060299911
000000634203032023060799910
000000634203032023100999920
000000634203032023110399921
000000634203032023110499911
000000622203032023061499910
000000622203032023100699920
000000622203032023110799921
000000622203032023152499911
000000525103032023061599910
000000525103032023100899911
000000009103032023062599910
000000009103032023102299911
000000487503032023063799910
000000487503032023100799920
000000487503032023110899921
000000487503032023135299911
000000634103032023065599910
000000634103032023133599920
000000634103032023143599921
000000634103032023182499911
000000590903032023065599910
000000590903032023114099920
000000590903032023124299921
000000590903032023153999911
000000591303032023065699910
000000591303032023114699920
000000591303032023124599921
000000591303032023152399911
000000830903032023065699910
000000830903032023123799920
000000830903032023133899921
000000830903032023180299911
000000652403032023065799910
000000652403032023115499920
000000652403032023125599921
000000652403032023164999911
000000083603032023065899910
000000083603032023070399930
000000083603032023091499931
000000083603032023124899920
000000083603032023144999921
000000083603032023144999930
000000083603032023153399931
000000083603032023165799911
000000007503032023065999910
000000007503032023065999911
000000452803032023065999911
000000452803032023065999910
000000452803032023111799911
000000731503032023065999910
000000731503032023111499920
000000731503032023121599921
000000731503032023161299911
000000500703032023070099910
000000500703032023080499930
000000500703032023102899931
000000500703032023114899911
000000007703032023070199910
000000007703032023081199930
000000007703032023095699931
000000007703032023105999920
000000007703032023130099921
000000007703032023130099911
000000239503032023070499910
000000239503032023120099920
000000239503032023130099921
000000239503032023130099921
000000239503032023155599911
000000029003032023070599910
000000029003032023111099920
000000029003032023131099921
000000029003032023174499911
000000306803032023070899910
000000306803032023120999920
000000306803032023140999921
000000306803032023170399911
000000005703032023070999910
000000153303032023071899910
000000153303032023104099920
000000153303032023124199921
000000153303032023171299911
000000034503032023072799910
000000034503032023120099920
000000034503032023140099921
000000268903032023072799910
000000268903032023120899920
000000268903032023130999921
000000021703032023072799910
000000021703032023111899920
000000021703032023131899921
000000021703032023174699911
000000052803032023072899910
000000052803032023115799920
000000052803032023125999921
000000052803032023164899911
000000488703032023072899910
000000488703032023113699920
000000488703032023123799921
000000731703032023073199910
000000731703032023120099920
000000731703032023135999921
000000028703032023074899910
000000028703032023083399920
000000028703032023093499921
000000028703032023133899911
000000631803032023075699910
000000631803032023075699930
000000631803032023082299931
000000631803032023120499920
000000631803032023130599921
000000631803032023163499930
000000631803032023170099931
000000631803032023170099911
000000266403032023075699910
000000266403032023120399920
000000266403032023131499921
000000408903032023075799910
000000408903032023124699920
000000408903032023134799921
000000408903032023170199911
000000006503032023075799910
000000006503032023105699920
000000006503032023121099921
000000006503032023153299911
000000210603032023075899910
000000210603032023115499920
000000210603032023125599921
000000210603032023170299911
000000063803032023075899910
000000063803032023075899911
000000030603032023075999910
000000764103032023075999910
000000764103032023120199920
000000764103032023130299921
000000764103032023130299911
000000694003032023080099910
000000694003032023170599911
000000738203032023080099910
000000738203032023122899920
000000738203032023142999921
000000738203032023181199911
000000225403032023080099910
000000225403032023122799920
000000225403032023133199921
000000225403032023172099911
000000689203032023080199910
000000689203032023120199920
000000689203032023130299921
000000689203032023172499911
000000302603032023080199910
000000302603032023120099920
000000302603032023130199921
000000302603032023172699911
000000906303032023080299910
000000906303032023120099920
000000906303032023130199921
000000906303032023171699911
000000695203032023080399910
000000695203032023121999920
000000695203032023132099921
000000695203032023121999920
000000695203032023171099911
000000746703032023085399910
000000746703032023113599920
000000746703032023130599921
000000746703032023181599911
000000890103032023085499910
000000890103032023180199911
000000781203032023100099910
000000781203032023145399920
000000781203032023155799921
000000781203032023203699911
000000859003032023100999910
000000859003032023143499920
000000859003032023153599921
000000859003032023192099911
000000535103032023101099910
000000535103032023130599920
000000535103032023140699921
000000535103032023171299911
000000525103032023102599910
000000525103032023111399920
000000525103032023121599921
000000525103032023175399911
000000009103032023102799910
000000009103032023102799920
000000009103032023112999921
000000414403032023105599910
000000414403032023145899920
000000414403032023155999921
000000414403032023191599911
000000905903032023105799910
000000905903032023105899911
000000883703032023105899910
000000883703032023140599920
000000883703032023151899921
000000883703032023140599920
000000883703032023184199911
000000007503032023105999910
000000007503032023130299921
000000634203032023110499910
000000634203032023110499920
000000634203032023110999921
000000634203032023110999930
000000634203032023114599931
000000634203032023121699930
000000634203032023134799931
000000634203032023170299911
000000452803032023113999910
000000452803032023121099920
000000452803032023131499921
000000452803032023143599911
000000500703032023115299910
000000500703032023123399920
000000500703032023133499921
000000500703032023133499930
000000500703032023142899931
000000500703032023143099930
000000500703032023161999931
000000500703032023171399911
000000149403032023115999910
000000149403032023120199911
000000487403032023120299910
000000487403032023144799911
000000030603032023121199910
000000030603032023121199920
000000030603032023131299921
000000030603032023172599911
000000171103032023132899910
000000171103032023151899911
000000764103032023133899910
000000764103032023163699911
000000409703032023133899910
000000409703032023141299930
000000409703032023170499931
000000452803032023143799910
000000452803032023144999911
000000487403032023144599910
000000487403032023164099920
000000487403032023174399921
000000487403032023210199911
000000609903032023145599910
000000609903032023190099920
000000609903032023200199921
000000609903032023224399911
000000007903032023163199910
000000007903032023163199911
000000083603032023165799910
000000083603032023165799911
000000083603032023165799910
000000083603032023170099911
000000063803032023171699910
000000063803032023171699911
000000487503032023180399910
000000487503032023180399911
000000149403032023182999910
000000149403032023182999920
000000149403032023193099921
000000149403032023205299911
000000416203032023075599930
000000416203032023080799931
000000416203032023093299930
000000416203032023093899931
000000416203032023122999920
000000416203032023133099921
