000000500714032023055999911
000000414414032023110099911
000000028714032023042999910
000000028714032023072199911
000000006514032023050199910
000000006514032023072499911
000000007714032023050299910
000000007714032023075799930
000000007714032023092799931
000000007714032023103199920
000000007714032023113499921
000000007714032023133099911
000000007314032023050299910
000000007314032023080899911
000000609914032023055599910
000000609914032023100799911
000000409714032023055599910
000000409714032023072599930
000000409714032023094299931
000000409714032023103799930
000000409714032023105599931
000000409714032023105599920
000000409714032023120399921
000000409714032023120399930
000000409714032023124799931
000000409714032023120399930
000000409714032023142799911
000000171114032023055699910
000000171114032023100099920
000000171114032023110399921
000000171114032023152799911
000000006814032023055799910
000000006814032023071899911
000000007014032023055899910
000000007014032023102699920
000000007014032023112799921
000000007014032023145099911
000000500714032023055999910
000000500714032023061299911
000000296414032023060099910
000000296414032023105899920
000000296414032023120199921
000000296414032023161099911
000000487514032023060099910
000000487514032023101099920
000000487514032023111299921
000000487514032023144999911
000000634214032023060199910
000000634214032023100099920
000000634214032023110499921
000000634214032023110499930
000000634214032023122099931
000000634214032023153299911
000000300914032023060499910
000000300914032023100299920
000000300914032023111399921
000000300914032023181299911
000000306814032023060499910
000000306814032023110099920
000000306814032023130099921
000000306814032023170099911
000000525114032023060599910
000000525114032023060699911
000000622214032023060799910
000000622214032023060799911
000000622214032023060799911
000000525114032023061499910
000000525114032023113699920
000000525114032023123999921
000000525114032023160699911
000000622214032023061699910
000000622214032023095899920
000000622214032023110199921
000000622214032023160599911
000000500714032023061899910
000000500714032023102099911
000000005714032023062399910
000000005714032023101599920
000000005714032023111599921
000000005714032023111599911
000000452814032023065299910
000000452814032023112399920
000000452814032023122599921
000000452814032023135299911
000000634114032023065599910
000000634114032023124499921
000000634114032023170199911
000000830914032023065599910
000000830914032023065599910
000000083614032023065599910
000000083614032023070199930
000000083614032023085899931
000000083614032023070199930
000000083614032023133099920
000000083614032023171799911
000000007414032023065699910
000000007414032023104899920
000000007414032023114899921
000000007414032023120999911
000000007814032023065799910
000000007814032023111999920
000000007814032023122199921
000000007814032023173399911
000000009114032023065799910
000000009114032023122199911
000000590914032023065799910
000000590914032023114199920
000000590914032023124299921
000000590914032023162299911
000000652414032023065799910
000000652414032023122599920
000000652414032023132799921
000000652414032023155499911
000000007514032023065899910
000000007514032023065899911
000000731514032023065899910
000000731514032023112299920
000000731514032023122699921
000000731514032023152099911
000000830914032023065899911
000000408914032023065999910
000000408914032023125599920
000000408914032023135699921
000000408914032023170599911
000000591314032023070099910
000000591314032023105999920
000000591314032023120299921
000000591314032023152199911
000000007914032023070099910
000000007914032023070099911
000000689214032023070199910
000000689214032023124399920
000000689214032023134499921
000000689214032023160299911
000000239514032023070599910
000000239514032023113799920
000000239514032023123899921
000000239514032023161599911
000000153314032023071599910
000000153314032023113599920
000000153314032023133599921
000000153314032023171699911
000000268914032023072699910
000000268914032023114299920
000000268914032023124399921
000000268914032023164599911
000000034514032023072799910
000000034514032023110699920
000000034514032023130699921
000000034514032023172799911
000000731714032023072899910
000000731714032023114499920
000000731714032023134899921
000000052814032023072899910
000000052814032023113299920
000000052814032023123399921
000000052814032023165199911
000000021714032023072899910
000000021714032023110299920
000000021714032023130299921
000000021714032023173099911
000000488714032023072899910
000000488714032023113499920
000000488714032023123799921
000000488714032023162999911
000000535114032023072999910
000000535114032023120299920
000000535114032023130499921
000000190514032023073499910
000000190514032023111499920
000000190514032023131599921
000000190514032023173299911
000000028714032023074799911
000000028714032023074799911
000000028714032023074799911
000000028714032023074799911
000000028714032023074799910
000000028714032023074799930
000000028714032023081299931
000000028714032023084899920
000000028714032023095199921
000000028714032023123399930
000000028714032023125999931
000000028714032023134199911
000000266414032023075099910
000000266414032023120199920
000000266414032023131299921
000000006514032023075199910
000000006514032023113799920
000000006514032023123899921
000000006514032023153599911
000000781214032023075499910
000000781214032023134299920
000000781214032023144499921
000000781214032023161599911
000000631814032023075599910
000000631814032023075599930
000000631814032023094899931
000000631814032023094899931
000000631814032023122499920
000000631814032023132599921
000000631814032023132899930
000000631814032023134699931
000000631814032023135799930
000000631814032023170099931
000000631814032023170299911
000000416214032023075599910
000000416214032023075599930
000000487414032023075699910
000000487414032023170099920
000000487414032023180399921
000000487414032023194299911
000000210614032023075999910
000000210614032023114099920
000000210614032023124299921
000000210614032023181999911
000000694014032023075999910
000000694014032023123699920
000000694014032023134199921
000000694014032023173899911
000000225414032023080099910
000000225414032023120699920
000000225414032023130899921
000000225414032023170299911
000000906314032023080099910
000000906314032023120499920
000000906314032023130999921
000000906314032023170299911
000000738214032023080099910
000000738214032023114699920
000000738214032023134799921
000000738214032023180599911
000000302614032023080099910
000000302614032023120099920
000000302614032023130199921
000000302614032023170099911
000000063814032023080299910
000000063814032023080399911
000000030614032023080399910
000000030614032023093499911
000000029014032023080699910
000000029014032023120599920
000000029014032023140599921
000000029014032023180099911
000000292114032023080699910
000000292114032023124799920
000000292114032023134899921
000000292114032023134899921
000000292114032023190899911
000000846614032023080699910
000000846614032023123199920
000000846614032023141399921
000000846614032023173599911
000000746714032023085099910
000000746714032023115099920
000000746714032023132199921
000000746714032023181299911
000000890114032023085399910
000000890114032023134299920
000000890114032023144699921
000000890114032023181099911
000000905914032023085899910
000000905914032023085899911
000000830914032023090599910
000000830914032023111399911
000000883714032023093599910
000000883714032023150699920
000000883714032023160899921
000000883714032023195299911
000000030614032023100299910
000000030614032023121799920
000000030614032023131899921
000000030614032023164999911
000000500714032023102599910
000000500714032023102599920
000000500714032023112599921
000000500714032023154299911
000000609914032023103199910
000000609914032023133799920
000000609914032023143899921
000000609914032023174299911
000000859014032023105599910
000000859014032023142999920
000000859014032023152999921
000000859014032023191699911
000000764114032023105699910
000000764114032023142599920
000000764114032023153199921
000000764114032023212199911
000000006814032023110099910
000000006814032023110099920
000000006814032023120399921
000000006814032023120399911
000000414414032023110099910
000000414414032023140199920
000000414414032023150299921
000000414414032023194999911
000000007514032023110499910
000000007514032023110499920
000000007514032023125999921
000000007514032023125999921
000000007514032023125999911
000000007914032023110499910
000000007914032023110499920
000000007914032023130499921
000000007914032023130499911
000000005714032023112899910
000000005714032023150399911
000000009114032023122399910
000000009114032023122399920
000000009114032023132599921
000000009114032023132599911
000000149414032023125599910
000000149414032023130199911
000000830914032023131399910
000000830914032023131399920
000000830914032023141699921
000000830914032023150799911
000000452814032023135999910
000000452814032023170699911
000000006814032023144999910
000000006814032023144999911
000000007014032023150199910
000000007014032023150199911
000000149414032023150699910
000000149414032023181999920
000000149414032023192399921
000000149414032023192699911
000000007414032023153699910
000000007414032023153699911
000000487514032023161199910
000000487514032023161199911
000000007914032023164699910
000000695214032023164799910
000000695214032023172299911
000000007514032023165599910
000000007514032023165599911
000000009114032023165799910
000000009114032023165799911
000000030614032023165899910
000000030614032023165899911
000000063814032023171599910
000000063814032023171599911
000000905914032023180399910
000000905914032023180399911
000000149414032023214399910
000000149414032023214399911
