000000225418052023080399911
000000028718052023043099910
000000028718052023071299911
000000007318052023050099910
000000007318052023071899911
000000007418052023052099910
000000007418052023070299911
000000609918052023052699910
000000609918052023081499911
000000487418052023055899910
000000487418052023061699911
000000171118052023055899910
000000171118052023060199911
000000011018052023060099910
000000011018052023070299911
000000535118052023060299910
000000535118052023100699911
000000296418052023060399910
000000296418052023110099920
000000296418052023120199921
000000296418052023161699911
000000525118052023060399910
000000525118052023112899920
000000525118052023123299921
000000525118052023152399911
000000409718052023060899910
000000409718052023093999930
000000409718052023102599931
000000409718052023102599920
000000409718052023112899921
000000409718052023112899930
000000409718052023125399931
000000409718052023153899911
000000634218052023060899910
000000634218052023095599930
000000634218052023105699931
000000634218052023105699920
000000634218052023115799921
000000634218052023115799930
000000634218052023153899931
000000634218052023153899911
000000487518052023060999910
000000487518052023060999911
000000300918052023061299910
000000300918052023122299920
000000300918052023132499921
000000300918052023175899911
000000487518052023062099910
000000487518052023100399920
000000487518052023110799921
000000487518052023151199911
000000487418052023062199910
000000487418052023162099911
000000171118052023062399910
000000171118052023100099920
000000171118052023110299921
000000171118052023141499911
000000029018052023063599910
000000029018052023114099920
000000029018052023134099921
000000029018052023180099911
000000210618052023065099910
000000210618052023113199920
000000210618052023123399921
000000210618052023170099911
000000007918052023065499910
000000007918052023065499911
000000006718052023065599910
000000006718052023065599911
000000007518052023065599910
000000007518052023065599911
000000830918052023065699910
000000830918052023125199921
000000830918052023181499911
000000005718052023065699910
000000005718052023114299911
000000590918052023065699910
000000590918052023115599920
000000590918052023125699921
000000590918052023153999911
000000083618052023065699910
000000083618052023070299930
000000083618052023095399931
000000083618052023143499930
000000083618052023155399931
000000083618052023143499930
000000083618052023155399931
000000083618052023171599911
000000758318052023065699910
000000758318052023114299920
000000758318052023124399921
000000758318052023152099911
000000006618052023065799910
000000006618052023111099920
000000006618052023121099921
000000006618052023130599911
000000007718052023065899910
000000007718052023115999920
000000007718052023130099921
000000007718052023173099911
000000689218052023065999910
000000689218052023120299920
000000689218052023130299921
000000689218052023153599911
000000591318052023065999910
000000591318052023124299920
000000591318052023134499921
000000591318052023171199911
000000652418052023070199910
000000652418052023070299911
000000639118052023070399910
000000639118052023070399911
000000239518052023070499910
000000239518052023112899920
000000239518052023122899921
000000239518052023163599911
000000452818052023070499910
000000452818052023121199920
000000452818052023131299921
000000452818052023191299911
000000011018052023070499910
000000011018052023110099920
000000011018052023120399921
000000011018052023143399911
000000007418052023070699910
000000153318052023071599910
000000153318052023105999920
000000153318052023130099921
000000153318052023181499911
000000731518052023071899910
000000731518052023110699920
000000731518052023120899921
000000731518052023163299911
000000306818052023072099910
000000306818052023110199920
000000306818052023130199921
000000306818052023170099911
000000034518052023072599910
000000034518052023115499920
000000034518052023135499921
000000034518052023182199911
000000488718052023072799910
000000488718052023112899920
000000488718052023122899921
000000488718052023162999911
000000021718052023072899910
000000021718052023110199920
000000021718052023130199921
000000021718052023173299911
000000190518052023072999910
000000190518052023072999910
000000190518052023123399920
000000190518052023143399921
000000052818052023073099910
000000052818052023115499920
000000052818052023125699921
000000052818052023163299911
000000483218052023073099910
000000483218052023115199920
000000483218052023125299921
000000483218052023164799911
000000731718052023073199910
000000731718052023120199920
000000731718052023140099921
000000731718052023165599911
000000126418052023073599910
000000126418052023073599930
000000126418052023081899931
000000126418052023114999920
000000126418052023125099921
000000126418052023153199930
000000126418052023155499931
000000126418052023163099911
000000007318052023074499910
000000007318052023113399920
000000007318052023123499921
000000007318052023153099911
000000266418052023075199910
000000266418052023122099920
000000266418052023133199921
000000266418052023170199911
000000416218052023075599910
000000416218052023125199920
000000416218052023135299921
000000416218052023164299911
000000197418052023075599910
000000197418052023075599930
000000197418052023080999931
000000197418052023081899930
000000197418052023120399931
000000197418052023120399920
000000197418052023130499921
000000197418052023132299930
000000197418052023141399931
000000197418052023142399930
000000197418052023161599931
000000197418052023161599911
000000631818052023075599910
000000631818052023075599930
000000631818052023081199931
000000631818052023123999920
000000631818052023134099921
000000631818052023173399911
000000767518052023075799910
000000767518052023121199920
000000767518052023131799921
000000767518052023121199920
000000767518052023121199920
000000767518052023170599911
000000292618052023075899910
000000292618052023102899911
000000408918052023075999910
000000408918052023113299920
000000408918052023123499921
000000906318052023080099910
000000906318052023123699920
000000906318052023133699921
000000906318052023172099911
000000736118052023080099910
000000736118052023113999920
000000736118052023123999921
000000736118052023170099911
000000302618052023080099910
000000738218052023080099910
000000738218052023120399920
000000738218052023143299921
000000738218052023180099911
000000299118052023080199910
000000299118052023122999920
000000299118052023133199921
000000299118052023170899911
000000030618052023080499910
000000030618052023080499911
000000846618052023080499910
000000846618052023130799920
000000846618052023145099921
000000846618052023174599911
000000742518052023080599910
000000742518052023120499920
000000742518052023130999921
000000742518052023172099911
000000292118052023080699910
000000292118052023120099920
000000292118052023130099921
000000292118052023170999911
000000225418052023080699910
000000225418052023130399920
000000225418052023140599921
000000225418052023172199911
000000028718052023081099910
000000028718052023084099920
000000028718052023094199921
000000028718052023123099930
000000028718052023125999931
000000028718052023123099930
000000028718052023125999931
000000028718052023134999911
000000063818052023083599910
000000063818052023125299920
000000063818052023135699921
000000063818052023172499911
000000746718052023085199910
000000746718052023121199911
000000617918052023085599910
000000617918052023123699920
000000617918052023135099921
000000617918052023135099921
000000617918052023135099921
000000617918052023172599911
000000890118052023085799910
000000890118052023125299920
000000890118052023135999921
000000890118052023182699911
000000694018052023090099910
000000694018052023120999920
000000694018052023131799921
000000694018052023180399911
000000634118052023095899910
000000634118052023095999911
000000609918052023101799910
000000609918052023124599920
000000609918052023134699921
000000609918052023140099911
000000414418052023105599910
000000414418052023145599920
000000414418052023155399921
000000414418052023155499911
000000007418052023105699910
000000007418052023105699920
000000007418052023125799921
000000007418052023125799911
000000883718052023105699910
000000883718052023134499920
000000883718052023150299921
000000883718052023182899911
000000007918052023105799910
000000007918052023105799920
000000007918052023125799921
000000007918052023125799911
000000905918052023105799910
000000905918052023145299940
000000905918052023155399941
000000905918052023155399941
000000905918052023155399941
000000905918052023180599911
000000764118052023105799910
000000764118052023140599920
000000764118052023150899921
000000764118052023191899911
000000006718052023110099910
000000006718052023110099920
000000006718052023130199921
000000006718052023130199911
000000007518052023110599910
000000007518052023110599910
000000007518052023110599920
000000007518052023130199921
000000292618052023120799910
000000292618052023120799920
000000292618052023130899921
000000292618052023120799920
000000292618052023170099911
000000535118052023125999910
000000535118052023125999920
000000535118052023140299921
000000535118052023155399911
000000007518052023130199911
000000149418052023130199910
000000149418052023130299911
000000007418052023151299910
000000007418052023151299911
000000007418052023151399910
000000007418052023151399911
000000634118052023151699910
000000634118052023151699920
000000634118052023161799921
000000634118052023151699920
000000634118052023191399911
000000006618052023153199910
000000006618052023153199911
000000007918052023153499910
000000007918052023153499911
000000007518052023154099910
000000007518052023154099911
000000006718052023155399910
000000006718052023155399910
000000006718052023155399910
000000006718052023155399911
000000006718052023155399911
000000639118052023161699910
000000639118052023161699911
000000197418052023162699910
000000197418052023162699930
000000197418052023165799931
000000197418052023171799911
000000030618052023170399910
000000030618052023170399911
000000190518052023173599911
000000452818052023182499910
000000149418052023184799910
000000149418052023184799920
000000149418052023194899921
000000149418052023194999911
000000652418052023193999910
000000652418052023193999911
000000149418052023214199910
000000149418052023214299911
