000000452815042023070999911
000000736115042023072399911
000000006815042023052599910
000000006815042023075699930
000000006815042023092399931
000000006815042023092999930
000000006815042023100699931
000000006815042023110999920
000000006815042023121099921
000000006815042023143599911
000000488715042023055599910
000000488715042023091199911
000000487415042023055799910
000000487415042023061199911
000000296415042023060099910
000000296415042023091299911
000000007815042023060199910
000000007815042023110599920
000000007815042023120899921
000000007815042023120899921
000000007815042023143599911
000000525115042023060299910
000000525115042023060399911
000000634215042023061399910
000000634215042023105899920
000000634215042023120199921
000000487415042023064599910
000000487415042023124899920
000000622215042023064599910
000000622215042023064699911
000000007315042023065499910
000000007315042023065499911
000000007915042023065499910
000000007915042023065499911
000000007515042023065499910
000000007515042023065499911
000000634115042023065599910
000000634115042023131699911
000000830915042023065599910
000000830915042023113799920
000000830915042023123899921
000000830915042023143099911
000000292115042023065599910
000000292115042023121799911
000000006515042023065599910
000000006515042023065599911
000000007415042023065599910
000000007415042023065599911
000000639115042023065599910
000000639115042023132999920
000000639115042023143299921
000000639115042023145099911
000000007015042023065599910
000000007015042023065699911
000000006715042023065699911
000000758315042023065899910
000000758315042023065899911
000000299115042023065899910
000000299115042023110899911
000000005715042023065899910
000000005715042023065899911
000000689215042023065999910
000000689215042023123299920
000000689215042023133399921
000000689215042023150099911
000000452815042023070199910
000000452815042023073999911
000000452815042023070999910
000000452815042023125499920
000000452815042023135799921
000000452815042023135799911
000000153315042023071599910
000000153315042023100599930
000000153315042023102199931
000000153315042023110099940
000000153315042023111599941
000000153315042023123499911
000000758315042023071899910
000000758315042023131699911
000000306815042023072099910
000000306815042023113399940
000000306815042023114899941
000000306815042023131599911
000000416215042023072299910
000000416215042023125699911
000000652415042023072599910
000000652415042023114099911
000000021715042023073099910
000000021715042023113199911
000000266415042023075199910
000000266415042023120699911
000000695215042023075599910
000000695215042023115799911
000000083615042023075599910
000000083615042023120299911
000000631815042023075599910
000000631815042023075599930
000000631815042023112999931
000000631815042023115899911
000000197415042023075599910
000000197415042023075599930
000000197415042023081599931
000000197415042023083199930
000000197415042023085299931
000000197415042023090399930
000000028715042023075799910
000000028715042023120099911
000000268915042023075799910
000000268915042023075799930
000000268915042023080899931
000000268915042023080999911
000000052815042023075899910
000000052815042023120199911
000000483215042023075999910
000000483215042023120199911
000000292615042023075999910
000000292615042023120099911
000000063815042023075999910
000000063815042023121499911
000000846615042023075999910
000000846615042023134299911
000000408915042023080099910
000000408915042023120099911
000000906315042023080099910
000000906315042023120399911
000000738215042023080099910
000000738215042023120099911
000000190515042023080099910
000000535115042023080199910
000000535115042023080199911
000000767515042023080299910
000000767515042023120799911
000000302615042023080299910
000000302615042023131799911
000000210615042023080499910
000000210615042023145099911
000000742515042023080799910
000000742515042023121599911
000000731715042023082199910
000000731715042023122199911
000000343215042023083199910
000000343215042023121399940
000000343215042023122299941
000000617915042023084399910
000000617915042023131699911
000000535115042023085999910
000000535115042023120199911
000000694015042023090499910
000000694015042023130399911
000000746715042023091099910
000000746715042023135299940
000000746715042023140699941
000000746715042023141799911
000000296415042023092499910
000000296415042023115199920
000000296415042023125299921
000000296415042023092499910
000000525115042023093099910
000000525115042023103099920
000000525115042023113299921
000000525115042023142499911
000000736115042023093399910
000000736115042023120699911
000000609915042023095599910
000000609915042023095699910
000000609915042023095699911
000000890115042023095699910
000000890115042023142099911
000000883715042023105099910
000000883715042023140299920
000000883715042023151999921
000000883715042023140299920
000000883715042023193199911
000000414415042023105699910
000000414415042023155899920
000000414415042023165099921
000000414415042023195399911
000000007415042023105899910
000000007415042023105899920
000000007415042023115899921
000000007415042023115899911
000000007515042023105899910
000000007515042023105899920
000000007515042023120199921
000000007515042023120199911
000000006515042023105999910
000000006515042023105999920
000000006515042023115999921
000000006515042023115999921
000000006515042023115999911
000000007315042023110099910
000000007315042023110099920
000000007315042023120299921
000000007315042023120299911
000000007015042023110199910
000000007015042023110199920
000000007015042023120399921
000000007015042023120399911
000000005715042023110199910
000000005715042023110199920
000000005715042023120199921
000000005715042023120199911
000000006715042023110199910
000000006715042023110299920
000000006715042023120499921
000000006715042023120499911
000000764115042023110399910
000000764115042023180099911
000000030615042023111999910
000000030615042023121599911
000000268915042023120399910
000000268915042023120499911
000000452815042023120499910
000000452815042023123899911
000000609915042023122699910
000000609915042023122699911
000000007015042023125599910
000000007015042023125599911
000000007415042023134099910
000000007415042023134099911
000000006515042023135499910
000000006515042023135499911
000000005715042023135599910
000000005715042023135599911
000000007315042023135799910
000000007315042023135799911
000000007515042023135799910
000000452815042023140299910
000000452815042023152799911
000000296415042023143299911
