000000028715022023043099910
000000028715022023071799911
000000007415022023045999910
000000007415022023091299930
000000007415022023110599931
000000007415022023110599920
000000007415022023120599921
000000007415022023132999911
000000006515022023050199910
000000006515022023083499911
000000007615022023050799910
000000007615022023073899911
000000007815022023055099910
000000007815022023072399911
000000006615022023055099910
000000006615022023100099920
000000006615022023110199921
000000006615022023100099920
000000006615022023110199921
000000006615022023144199911
000000171115022023055699910
000000171115022023095599920
000000171115022023110099921
000000171115022023141699911
000000609915022023055699910
000000609915022023075399911
000000011015022023055799910
000000011015022023072399911
000000525115022023060099910
000000525115022023105099920
000000525115022023115299921
000000409715022023060099910
000000409715022023091899930
000000409715022023095399931
000000409715022023095399920
000000409715022023110399921
000000409715022023110399911
000000487515022023060199910
000000487515022023092099911
000000300915022023060199910
000000300915022023105599920
000000300915022023115699921
000000300915022023115699911
000000296415022023060199910
000000296415022023060299911
000000007015022023062499910
000000007015022023062499911
000000005715022023063399910
000000005715022023082599911
000000296415022023064499910
000000296415022023123799920
000000296415022023135199921
000000296415022023175599911
000000830915022023065599910
000000830915022023115499920
000000830915022023125799921
000000830915022023115499920
000000830915022023125799921
000000830915022023160099911
000000634115022023065699910
000000634115022023124199920
000000634115022023134299921
000000634115022023161599911
000000487415022023065699910
000000487415022023110099920
000000487415022023120399921
000000487415022023152299911
000000408915022023065799910
000000408915022023123199920
000000408915022023133299921
000000408915022023170399911
000000590915022023065799910
000000590915022023112699920
000000590915022023122899921
000000590915022023184299911
000000006715022023065799910
000000006715022023065799911
000000652415022023065899910
000000652415022023113299911
000000007315022023065899910
000000007315022023065899911
000000689215022023065999910
000000689215022023120399920
000000689215022023130499921
000000689215022023171699911
000000007915022023070099910
000000007915022023070099911
000000007515022023070099910
000000007515022023070099911
000000731515022023070099910
000000731515022023113399920
000000731515022023123599921
000000731515022023153599911
000000006815022023070199910
000000006815022023080999930
000000006815022023102699931
000000006815022023104599930
000000006815022023110799931
000000006815022023110799911
000000639115022023070399910
000000639115022023070399911
000000591315022023070499910
000000591315022023123799920
000000591315022023133899921
000000591315022023163799911
000000452815022023070599910
000000239515022023070899910
000000239515022023113199920
000000239515022023123299921
000000239515022023123299921
000000239515022023155599911
000000190515022023072699910
000000190515022023120299920
000000190515022023140299921
000000190515022023173199911
000000021715022023072799910
000000021715022023110099920
000000021715022023130099921
000000021715022023173199911
000000011015022023072799910
000000011015022023110199920
000000011015022023120299921
000000011015022023142999911
000000034515022023072799910
000000034515022023113699920
000000034515022023133699921
000000034515022023172799911
000000007815022023072999910
000000007815022023090699911
000000488715022023072999910
000000488715022023114599920
000000488715022023124799921
000000488715022023163399911
000000483215022023072999910
000000483215022023113099920
000000483215022023123199921
000000483215022023162999911
000000731715022023072999910
000000731715022023120199920
000000731715022023140199921
000000731715022023173099911
000000052815022023073099910
000000052815022023120599920
000000052815022023130699921
000000052815022023165499911
000000007615022023074599910
000000007615022023112299920
000000007615022023122499921
000000007615022023155899911
000000846615022023074999910
000000846615022023121699920
000000846615022023140599921
000000846615022023183299911
000000758315022023075599910
000000758315022023075599911
000000416215022023075599910
000000416215022023075599930
000000416215022023090099931
000000416215022023115699920
000000416215022023135799921
000000416215022023135799930
000000416215022023140099931
000000416215022023142799930
000000416215022023153499931
000000416215022023174199911
000000197415022023075599910
000000197415022023075599930
000000197415022023082499931
000000197415022023082499931
000000197415022023084799930
000000197415022023092299931
000000197415022023093599930
000000197415022023100699931
000000197415022023101699930
000000197415022023104999931
000000197415022023105799930
000000197415022023110199931
000000197415022023111399930
000000197415022023120099931
000000197415022023120099920
000000197415022023130199921
000000197415022023130199930
000000197415022023134799931
000000197415022023134799931
000000197415022023134799931
000000197415022023135499930
000000197415022023140699931
000000197415022023141199930
000000197415022023143099931
000000197415022023143799930
000000197415022023151299931
000000197415022023151699930
000000197415022023153599931
000000197415022023155699930
000000197415022023164499931
000000197415022023164799930
000000197415022023165799931
000000197415022023165799911
000000268915022023075699910
000000268915022023121299920
000000268915022023131399921
000000268915022023172699911
000000695215022023075799910
000000695215022023120699920
000000695215022023130999921
000000695215022023165899911
000000030615022023075999910
000000030615022023165899911
000000292615022023080099910
000000292615022023082399911
000000210615022023080099910
000000210615022023111999920
000000210615022023122099921
000000210615022023170299911
000000738215022023080199910
000000738215022023111499920
000000738215022023131699921
000000738215022023180099911
000000225415022023080199910
000000225415022023113899920
000000225415022023124299921
000000225415022023165999911
000000302615022023080199910
000000302615022023120699920
000000302615022023131599921
000000302615022023170099911
000000906315022023080299910
000000906315022023124999920
000000906315022023134999921
000000906315022023170199911
000000767515022023080399910
000000767515022023123299920
000000767515022023133499921
000000767515022023170599911
000000029015022023080599910
000000029015022023121099920
000000029015022023141099921
000000063815022023080799910
000000063815022023080799911
000000083615022023082699910
000000083615022023170699911
000000028715022023083099910
000000028715022023083799920
000000028715022023094499921
000000028715022023123899930
000000028715022023133699931
000000028715022023141099911
000000758315022023083499910
000000758315022023124399920
000000758315022023134499921
000000758315022023181399911
000000030615022023083699910
000000030615022023122199920
000000030615022023132399921
000000030615022023153599911
000000746715022023085199910
000000746715022023113599920
000000746715022023130699921
000000746715022023181199911
000000764115022023085799910
000000764115022023134899920
000000764115022023145099921
000000764115022023171299911
000000890115022023090099910
000000890115022023131199920
000000890115022023142399921
000000890115022023175799911
000000694015022023090199910
000000694015022023120999920
000000694015022023131699921
000000694015022023180299911
000000609915022023092399910
000000609915022023092399910
000000609915022023123999920
000000609915022023134099921
000000487515022023093399911
000000487515022023093399910
000000487515022023104499920
000000487515022023114699921
000000487515022023135599911
000000487515022023093999911
000000781215022023095899910
000000781215022023123299920
000000781215022023133499921
000000781215022023201599911
000000859015022023105699910
000000859015022023143799920
000000859015022023153799921
000000859015022023191999911
000000007815022023105699910
000000007815022023105699920
000000007815022023125999921
000000007815022023125999911
000000905915022023105699910
000000905915022023105699911
000000007915022023105899910
000000007915022023105899920
000000007915022023125899921
000000007915022023125899911
000000007315022023105899910
000000007315022023105899920
000000007315022023130099921
000000007315022023130099911
000000414415022023105999910
000000414415022023143399920
000000414415022023153599921
000000414415022023190099911
000000007515022023110099910
000000007515022023110099920
000000007515022023130399921
000000007515022023130399911
000000006715022023110199910
000000006715022023110199920
000000006715022023130199921
000000006715022023130199921
000000006715022023130199911
000000883715022023111099910
000000883715022023143599920
000000883715022023153699921
000000883715022023111099910
000000639115022023112899910
000000639115022023112899920
000000639115022023123299921
000000639115022023151199911
000000452815022023113099910
000000452815022023121799920
000000452815022023132099921
000000452815022023152299911
000000652415022023114999910
000000652415022023122799920
000000652415022023132799921
000000652415022023153499911
000000292615022023115899910
000000292615022023120099920
000000292615022023130199921
000000292615022023170099911
000000007015022023120899910
000000007015022023164399911
000000149415022023125799910
000000149415022023125799911
000000409715022023141099910
000000409715022023141699911
000000007815022023144999910
000000007815022023144999911
000000525115022023154799910
000000525115022023155099911
000000005715022023155599910
000000005715022023173099911
000000007515022023161499910
000000007515022023161499911
000000007915022023163299910
000000007915022023163299911
000000006815022023164199910
000000006815022023164199911
000000006715022023164599910
000000006715022023164599911
000000030615022023165899910
000000030615022023165899911
000000300915022023165899910
000000300915022023165899911
000000063815022023173799910
000000063815022023173899911
000000296415022023175699910
000000296415022023175699911
000000149415022023181599910
000000149415022023181599920
000000883715022023194199911
000000149415022023214499910
000000149415022023214599911
