000000028719042023043699910
000000028719042023071599911
000000007419042023050099910
000000007419042023110999920
000000007419042023120999921
000000007419042023132999911
000000007319042023050199910
000000007319042023070699911
000000006619042023052899910
000000006619042023100099920
000000006619042023110299921
000000006619042023160399911
000000609919042023055599910
000000525119042023055699910
000000525119042023111799920
000000525119042023122599921
000000525119042023144199911
000000409719042023055799910
000000409719042023115599911
000000487419042023055999910
000000487419042023132499920
000000487419042023142699921
000000487419042023162099911
000000296419042023060099910
000000296419042023100099920
000000296419042023110099921
000000296419042023170399911
000000171119042023060199910
000000171119042023090899911
000000007019042023060299910
000000007019042023060299911
000000487519042023060699910
000000487519042023100199920
000000487519042023110299921
000000487519042023142299911
000000622219042023061099910
000000622219042023093099920
000000622219042023103199921
000000622219042023103199911
000000007819042023061599910
000000007819042023105799911
000000634219042023061799910
000000634219042023061799911
000000006819042023062299910
000000006819042023121399920
000000006819042023131599921
000000006819042023155499911
000000634219042023062799910
000000634219042023081999930
000000634219042023101699931
000000634219042023101699920
000000634219042023112299921
000000083619042023065599910
000000083619042023070099930
000000083619042023085399931
000000083619042023070099930
000000083619042023085399931
000000083619042023124799920
000000083619042023145199921
000000083619042023170199911
000000634119042023065599910
000000634119042023121499920
000000634119042023131599921
000000639119042023065599910
000000639119042023130099920
000000639119042023140699921
000000639119042023130099920
000000639119042023130099920
000000639119042023163299911
000000590919042023065699910
000000590919042023114099920
000000590919042023124199921
000000590919042023114099920
000000590919042023163399911
000000830919042023065699910
000000830919042023123699920
000000830919042023133799921
000000830919042023161099911
000000006719042023065799910
000000006719042023065799911
000000007919042023065799910
000000007919042023065799911
000000007519042023065899910
000000007519042023065899911
000000005719042023065899910
000000005719042023110099920
000000005719042023130099921
000000005719042023165199911
000000591319042023065899910
000000591319042023070799911
000000007619042023065999910
000000007619042023065999911
000000689219042023070099910
000000689219042023114599920
000000689219042023124599921
000000689219042023160299911
000000452819042023070099910
000000452819042023115599911
000000007719042023070199910
000000007719042023070199911
000000239519042023070699910
000000239519042023070699910
000000239519042023110899920
000000239519042023121099921
000000239519042023121099921
000000153319042023071599910
000000153319042023105999920
000000153319042023130099921
000000153319042023173199911
000000306819042023072099910
000000306819042023115599920
000000306819042023135599921
000000306819042023173699911
000000034519042023072699910
000000034519042023112399920
000000034519042023132399921
000000034519042023172699911
000000190519042023072699910
000000190519042023122999920
000000190519042023142799921
000000190519042023173099911
000000488719042023072799910
000000488719042023112999920
000000488719042023122999921
000000488719042023162899911
000000268919042023072899910
000000268919042023115499920
000000268919042023125799921
000000268919042023163199911
000000021719042023072899910
000000021719042023113299920
000000021719042023133299921
000000021719042023173099911
000000483219042023072999910
000000483219042023113999920
000000483219042023124099921
000000483219042023113999920
000000483219042023163299911
000000052819042023072999910
000000052819042023113499920
000000052819042023123599921
000000731719042023073199910
000000731719042023115999920
000000731719042023135999921
000000731719042023172899911
000000343219042023073599910
000000343219042023131999920
000000343219042023152099921
000000343219042023173299911
000000007319042023074599910
000000007319042023104899920
000000007319042023115099921
000000007319042023153099911
000000266419042023075099910
000000266419042023120299920
000000266419042023131499921
000000266419042023170199911
000000631819042023075599910
000000631819042023075599930
000000631819042023081199931
000000631819042023081199911
000000416219042023075599910
000000416219042023125499920
000000416219042023135499921
000000416219042023175599911
000000695219042023075599910
000000695219042023075699911
000000197419042023075599910
000000197419042023075599930
000000197419042023083099931
000000197419042023083799930
000000197419042023114399931
000000197419042023120099920
000000197419042023130199921
000000197419042023130199930
000000197419042023135399931
000000197419042023140099930
000000197419042023145699931
000000197419042023150399930
000000197419042023150799931
000000197419042023152299930
000000197419042023165699931
000000197419042023165699911
000000652419042023075699910
000000652419042023124699920
000000652419042023135699921
000000652419042023170099911
000000063819042023075699910
000000063819042023122699920
000000063819042023132999921
000000063819042023174099911
000000408919042023075799910
000000408919042023121399920
000000408919042023131699921
000000408919042023170099911
000000210619042023075799910
000000210619042023111199920
000000210619042023121299921
000000210619042023170099911
000000299119042023075899910
000000299119042023122499920
000000299119042023132599921
000000299119042023165799911
000000292119042023075899910
000000292119042023121699920
000000292119042023131799921
000000292119042023170699911
000000736119042023080099910
000000736119042023115799920
000000736119042023125799921
000000736119042023170199911
000000738219042023080099910
000000738219042023130399920
000000738219042023150499921
000000738219042023183999911
000000292619042023080099910
000000292619042023120099920
000000292619042023130399921
000000292619042023170599911
000000302619042023080199910
000000302619042023120099920
000000302619042023130199921
000000846619042023080499910
000000846619042023110499920
000000846619042023130199921
000000846619042023174199911
000000767519042023080599910
000000767519042023125199920
000000767519042023135899921
000000767519042023170299911
000000742519042023081299910
000000742519042023124399920
000000742519042023134499921
000000742519042023180799911
000000617919042023082399910
000000617919042023090399930
000000617919042023104699931
000000617919042023113799920
000000617919042023131199921
000000617919042023131299921
000000617919042023170699911
000000652419042023082499910
000000652419042023123999911
000000746719042023085099910
000000746719042023104899930
000000746719042023114499931
000000746719042023130599920
000000746719042023143799921
000000746719042023161599930
000000746719042023170899931
000000746719042023181299911
000000890119042023085299910
000000890119042023125699920
000000890119042023140099921
000000890119042023175999911
000000535119042023090099910
000000535119042023090099911
000000694019042023090299910
000000694019042023120899920
000000694019042023131499921
000000694019042023180299911
000000030619042023091099910
000000030619042023091299911
000000500719042023095999910
000000500719042023103599930
000000500719042023141799931
000000500719042023144999911
000000030619042023100199910
000000030619042023130199920
000000030619042023140299921
000000030619042023163899911
000000883719042023104599910
000000883719042023104599910
000000883719042023142199920
000000883719042023152699921
000000883719042023142199920
000000883719042023104599910
000000414419042023105599910
000000414419042023144999920
000000414419042023155099921
000000414419042023192399911
000000007919042023105899910
000000007919042023105999920
000000007919042023130099921
000000007919042023130099921
000000007919042023130199911
000000764119042023105999910
000000764119042023142499920
000000764119042023152699921
000000764119042023204899911
000000007719042023110099910
000000007719042023110099920
000000007719042023130499921
000000007719042023130499911
000000007519042023110099910
000000007519042023110099920
000000007519042023130099921
000000007519042023130099921
000000007519042023130099911
000000007819042023110199910
000000007819042023110299920
000000007819042023120499921
000000007819042023110299920
000000007819042023110299920
000000007819042023110299920
000000622219042023110299910
000000622219042023152799911
000000007619042023110299910
000000007619042023110299920
000000007619042023130199921
000000007619042023130199911
000000006719042023115599910
000000006719042023115599920
000000006719042023125599921
000000006719042023125599911
000000171119042023115999910
000000171119042023120099920
000000171119042023130299921
000000171119042023130499911
000000695219042023120099910
000000695219042023120099920
000000695219042023130299921
000000695219042023170599911
000000631819042023120299910
000000631819042023120399920
000000631819042023130399921
000000631819042023130499930
000000631819042023165799931
000000631819042023165799911
000000535119042023121799910
000000535119042023121799920
000000535119042023131999911
000000452819042023122399910
000000452819042023122399920
000000452819042023132599921
000000452819042023170199911
000000758319042023125599910
000000758319042023125599911
000000028719042023134099911
000000028719042023134099911
000000028719042023134099911
000000028719042023134099911
000000028719042023134099911
000000028719042023134099911
000000028719042023134099911
000000652419042023141399910
000000652419042023165199911
000000171119042023142499910
000000171119042023142599911
000000007019042023143399910
000000007019042023143399911
000000500719042023145999910
000000500719042023160099930
000000500719042023160699931
000000500719042023162199930
000000500719042023174599931
000000500719042023193299911
000000006719042023152599910
000000006719042023152599911
000000905919042023152999910
000000905919042023190299920
000000905919042023200299921
000000905919042023231099911
000000007819042023154999910
000000007819042023154999911
000000007719042023164399910
000000007719042023164399911
000000239519042023164799911
000000239519042023164799911
000000239519042023164799911
000000239519042023164799911
000000007519042023164799910
000000007519042023164799911
000000007619042023164799910
000000007619042023164799911
000000007919042023165999910
000000007919042023165999911
000000030619042023170799910
000000030619042023170799911
000000591319042023171199910
000000591319042023171199911
000000591319042023171199911
000000535119042023175299910
000000535119042023175299911
000000883719042023185499911
000000758319042023211999910
000000758319042023212099911
000000028719042023072999930
000000028719042023083199931
000000028719042023083199920
000000028719042023093499921
000000028719042023122699930
000000028719042023130799931
