000000028707032023042999910
000000028707032023071799911
000000007707032023050099910
000000007707032023112299920
000000007707032023122499921
000000007707032023153299911
000000007807032023055599910
000000007807032023072299911
000000609907032023055699910
000000609907032023075599911
000000011007032023055899910
000000011007032023072099911
000000500707032023055999910
000000500707032023060599911
000000487507032023055999910
000000487507032023112099920
000000487507032023122199921
000000487507032023161199911
000000409707032023055999910
000000409707032023084199930
000000409707032023085299931
000000409707032023085899930
000000409707032023100099931
000000409707032023100099920
000000409707032023110199921
000000409707032023110299930
000000409707032023112799931
000000409707032023140599930
000000409707032023170099931
000000409707032023175399911
000000634207032023060099910
000000634207032023103899920
000000634207032023131299930
000000634207032023160499931
000000634207032023160499931
000000634207032023161499911
000000171107032023060099910
000000171107032023104299920
000000171107032023104899921
000000171107032023104899920
000000171107032023115699921
000000171107032023104899920
000000171107032023163199911
000000296407032023060099910
000000296407032023060199911
000000525107032023060099910
000000525107032023113299920
000000525107032023123499921
000000525107032023163199911
000000300907032023060599910
000000300907032023104199920
000000300907032023114499921
000000300907032023150399911
000000500707032023061399910
000000500707032023073599930
000000500707032023113799931
000000500707032023113799920
000000500707032023123899921
000000500707032023184099911
000000296407032023061599910
000000296407032023104599920
000000296407032023114599921
000000296407032023160099911
000000622207032023064699910
000000622207032023064699911
000000452807032023065499910
000000452807032023115499911
000000830907032023065599910
000000830907032023133199921
000000830907032023174299911
000000590907032023065799910
000000590907032023121199920
000000590907032023131299921
000000590907032023163199911
000000634107032023065799910
000000007407032023065799910
000000007407032023065799911
000000005707032023065799910
000000005707032023065799911
000000689207032023065799910
000000689207032023114599920
000000689207032023124599921
000000689207032023171499911
000000029007032023065799910
000000029007032023122699920
000000029007032023142699921
000000029007032023172699911
000000007907032023065799910
000000007907032023065799911
000000007507032023065799910
000000007507032023065799911
000000591307032023065899910
000000591307032023123999920
000000591307032023134099921
000000591307032023160999911
000000006507032023065999910
000000006507032023065999911
000000652407032023065999910
000000652407032023115899911
000000009107032023070099910
000000009107032023105099920
000000009107032023125199921
000000083607032023070099910
000000083607032023070699930
000000083607032023085099931
000000083607032023131799920
000000083607032023170099911
000000306807032023070099910
000000306807032023110699920
000000306807032023130699921
000000306807032023170099911
000000408907032023070199910
000000408907032023121299920
000000408907032023131399921
000000408907032023170999911
000000006807032023070199910
000000006807032023083999930
000000006807032023102099931
000000006807032023110899920
000000006807032023121099921
000000006807032023130399911
000000731507032023070299910
000000731507032023123199920
000000731507032023133499921
000000731507032023172199911
000000239507032023071099910
000000239507032023110899920
000000239507032023121199921
000000239507032023110899920
000000239507032023165399911
000000153307032023071899910
000000153307032023100999920
000000153307032023121099921
000000153307032023172499911
000000007807032023072499910
000000007807032023091999911
000000011007032023072599910
000000731707032023072699910
000000731707032023113099920
000000731707032023133199921
000000021707032023072799910
000000021707032023110199920
000000021707032023130099921
000000034507032023072899910
000000034507032023110099920
000000034507032023130099921
000000034507032023182099911
000000052807032023072899910
000000052807032023115499920
000000052807032023125599921
000000052807032023164199911
000000488707032023072899910
000000488707032023113499920
000000488707032023123599921
000000488707032023163899911
000000268907032023072899910
000000268907032023121999920
000000268907032023132099921
000000268907032023171899911
000000535107032023072999910
000000535107032023115599920
000000535107032023125999921
000000535107032023170599911
000000190507032023072999910
000000190507032023112499920
000000006507032023074099910
000000006507032023113199920
000000006507032023123399921
000000006507032023153799911
000000266407032023075099910
000000266407032023120499920
000000266407032023131699921
000000266407032023170099911
000000781207032023075299910
000000781207032023115799920
000000781207032023125799921
000000781207032023160499911
000000631807032023075599910
000000631807032023075599930
000000631807032023081499931
000000631807032023120199920
000000631807032023130199921
000000631807032023162499930
000000631807032023170199931
000000631807032023170199911
000000028707032023075599910
000000028707032023075599930
000000028707032023083399931
000000028707032023083399920
000000028707032023093499921
000000028707032023125499930
000000028707032023130799931
000000028707032023134799911
000000030607032023075699910
000000210607032023075899910
000000210607032023120599920
000000210607032023130699921
000000210607032023170099911
000000063807032023075899910
000000063807032023075899911
000000906307032023080099910
000000906307032023124099920
000000906307032023134299921
000000906307032023164799911
000000225407032023080099910
000000225407032023120399920
000000225407032023130699921
000000225407032023165799911
000000738207032023080199910
000000738207032023114399920
000000738207032023134499921
000000738207032023181299911
000000302607032023080199910
000000302607032023120399920
000000302607032023130499921
000000302607032023170999911
000000694007032023080399910
000000694007032023121099920
000000694007032023131799921
000000694007032023170599911
000000846607032023080499910
000000846607032023120299920
000000846607032023140999921
000000846607032023140999921
000000746707032023085099910
000000746707032023113399920
000000746707032023130799921
000000746707032023181199911
000000030607032023090399910
000000030607032023122499920
000000030607032023132599921
000000030607032023172299911
000000905907032023090499910
000000905907032023090499911
000000890107032023090799910
000000890107032023121699920
000000890107032023131999921
000000890107032023175799911
000000487407032023095999910
000000487407032023120599911
000000634107032023104599910
000000634107032023104599920
000000634107032023114699921
000000634107032023114699911
000000859007032023105699910
000000859007032023142899920
000000859007032023155299921
000000859007032023192199911
000000883707032023105799910
000000883707032023133899920
000000883707032023143999921
000000883707032023192199911
000000007807032023105899910
000000007807032023120099911
000000007907032023105999910
000000007907032023105999920
000000007907032023130099921
000000007907032023130099911
000000414407032023110099910
000000414407032023153099920
000000414407032023163199921
000000414407032023163199921
000000414407032023200899911
000000007407032023110099910
000000007407032023130199921
000000764107032023110299910
000000764107032023144499920
000000764107032023154699921
000000764107032023110299910
000000487407032023112799910
000000487407032023170399921
000000487407032023170399921
000000487407032023200199911
000000007007032023084099930
000000007007032023101799931
000000007007032023115799911
000000007807032023120099910
000000452807032023120699910
000000452807032023130099920
000000452807032023140199921
000000452807032023165199911
000000652407032023130099910
000000652407032023153599911
000000609907032023130099910
000000609907032023193799911
000000007507032023105999920
000000007507032023130199911
000000149407032023130299910
000000149407032023130399911
000000622207032023132599920
000000622207032023142899921
000000622207032023142899911
000000007807032023145899911
000000296407032023160399910
000000296407032023160399911
000000695207032023161199910
000000695207032023170399911
000000007407032023163999910
000000007407032023163999911
000000007907032023164699910
000000007907032023164699911
000000149407032023173599910
000000149407032023173699920
000000149407032023183999921
000000149407032023183999911
000000063807032023183299910
000000063807032023183299911
000000764107032023191499911
000000622207032023192699910
000000622207032023192699911
000000487407032023200599910
000000487407032023210199911
000000149407032023214399910
000000149407032023214399911
