000000007002012023060499910
000000007002012023060699930
000000007002012023065999931
000000007002012023070099931
000000007002012023090899930
000000007002012023093099931
000000007002012023094699920
000000007002012023104999921
000000007002012023141299911
000000500702012023061799910
000000500702012023084199930
000000500702012023105599931
000000500702012023112499930
000000500702012023114499931
000000500702012023114499920
000000500702012023130799921
000000500702012023130799930
000000500702012023133399931
000000500702012023133399931
000000500702012023141299930
000000500702012023152099931
000000500702012023154999911
000000487502012023061799910
000000487502012023061799911
000000634202012023061799910
000000634202012023062499911
000000487402012023061899910
000000487402012023063099911
000000171102012023061899910
000000171102012023061999911
000000300902012023061899910
000000300902012023095999920
000000300902012023110199921
000000300902012023142599911
000000409702012023062099910
000000409702012023094299930
000000409702012023105499931
000000409702012023105499920
000000409702012023115699921
000000409702012023115699930
000000409702012023133499931
000000409702012023170499911
000000487502012023062499910
000000487502012023112399920
000000487502012023122599921
000000487502012023155499911
000000487402012023062899910
000000487402012023114299920
000000487402012023124599921
000000487402012023153199911
000000171102012023062899910
000000171102012023110299911
000000634202012023063299910
000000634202012023090199930
000000634202012023104899931
000000634202012023111599920
000000634202012023121599921
000000634202012023121699930
000000634202012023135599931
000000634202012023165599911
000000007802012023063999910
000000007802012023103099920
000000007802012023113199921
000000007802012023113199911
000000590902012023065699910
000000590902012023115499920
000000590902012023125599921
000000590902012023160099911
000000007402012023065699910
000000007402012023065699911
000000006602012023065699910
000000006602012023113399920
000000006602012023123399921
000000006602012023153099911
000000006502012023065799910
000000006502012023113599920
000000006502012023123799921
000000006502012023174399911
000000007602012023065799910
000000007602012023111499920
000000007602012023131499921
000000007602012023143399911
000000830902012023065799910
000000830902012023120099920
000000830902012023130199921
000000830902012023152199911
000000006702012023065799910
000000006702012023065799911
000000639102012023065799910
000000639102012023065799911
000000591302012023065799910
000000591302012023065899911
000000007902012023065799910
000000007902012023065799911
000000009102012023065999910
000000009102012023105999920
000000009102012023130099921
000000009102012023172399911
000000007702012023070099910
000000007702012023113699920
000000007702012023123799921
000000007702012023173699911
000000005702012023070199910
000000005702012023070199911
000000006802012023070199910
000000006802012023070199911
000000452802012023070199910
000000452802012023120199920
000000452802012023130299921
000000452802012023151299911
000000652402012023070299910
000000652402012023112999920
000000652402012023123099921
000000652402012023152099911
000000007502012023070299910
000000007502012023070299911
000000731502012023070799910
000000731502012023114699920
000000731502012023124799921
000000731502012023150299911
000000525102012023071199910
000000525102012023123199920
000000525102012023133399921
000000525102012023152399911
000000622202012023071199910
000000622202012023071199911
000025477002012023072099910
000025477002012023110099920
000025477002012023130099921
000025477002012023170799911
000000010902012023072599910
000000010902012023110699920
000000010902012023130699921
000000010902012023173099911
00000SOUSA02012023072599910
00000SOUSA02012023110199920
00000SOUSA02012023130299921
000000052802012023072899910
000000052802012023114899920
000000052802012023124999921
000000052802012023163299911
000000488702012023072899910
000000488702012023114199920
000000488702012023124299921
000000488702012023145999911
000000535102012023072999910
000000535102012023115599920
000000535102012023125899921
000000535102012023150099911
00000DIEGO02012023073199910
00000DIEGO02012023073199911
000000731702012023073199910
000000731702012023120099920
000000731702012023140099921
000000008302012023074799910
000000008302012023162599911
000000266402012023075399910
000000266402012023120299920
000000266402012023131399921
000000631802012023075599910
000000631802012023075599930
000000631802012023082599931
000000631802012023082999930
000000631802012023105399931
000000631802012023120099920
000000631802012023130199921
000000631802012023130399930
000000631802012023151499931
000000631802012023151499931
000000631802012023165899911
000000197402012023075599910
000000197402012023075599930
000000197402012023082299931
000000197402012023083699930
000000197402012023084699931
000000197402012023085699930
000000197402012023090199931
000000197402012023091899930
000000197402012023093099931
000000197402012023093499930
000000197402012023094599931
000000197402012023094599931
000000197402012023095299930
000000197402012023100699931
000000197402012023101099930
000000197402012023103699931
000000197402012023103799930
000000197402012023104099931
000000197402012023104599930
000000197402012023104899931
000000197402012023110299930
000000197402012023111699931
000000197402012023111699931
000000197402012023111999930
000000197402012023112499931
000000197402012023113199930
000000197402012023113399931
000000197402012023114999930
000000197402012023120199931
000000197402012023120199931
000000197402012023120199931
000000197402012023122099930
000000197402012023122199931
000000197402012023122199920
000000197402012023132399921
000000197402012023132799930
000000197402012023133299931
000000197402012023140099930
000000197402012023140899931
000000197402012023141099930
000000197402012023141799931
000000197402012023143399930
000000197402012023145599931
000000197402012023145899930
000000197402012023145999931
000000197402012023153599930
000000197402012023154599931
000000197402012023155899930
000000197402012023160199931
000000416202012023075599910
000000416202012023075799930
000000416202012023082799931
000000416202012023084199930
000000416202012023085199931
000000416202012023113099920
000000416202012023133299921
000000416202012023170899930
000000416202012023171399931
000000416202012023174199911
000000028702012023075699910
000000028702012023124599920
000000028702012023134799921
000000028702012023143699911
000000292602012023075799910
000000292602012023181099911
000000408902012023075799910
000000408902012023095499911
00000DIEGO02012023075899910
00000DIEGO02012023113399920
00000DIEGO02012023123399921
00000DIEGO02012023152899911
000000210602012023075899910
000000210602012023110199920
000000210602012023120299921
000000210602012023170099911
0000INGMAR02012023075999910
0000INGMAR02012023131699920
0000INGMAR02012023141999921
0000INGMAR02012023160399911
000000030602012023080099910
000000030602012023121999920
000000030602012023132399921
000000030602012023171899911
000000302602012023080099910
000000302602012023120099920
000000302602012023130299921
000000302602012023170099911
0000wagner02012023080099910
0000wagner02012023110099920
0000wagner02012023130099921
0000wagner02012023180199911
000000225402012023080099910
000000225402012023115299920
000000225402012023125399921
000000225402012023170899911
000000292102012023080599910
000000292102012023150399920
000000292102012023160499921
000000292102012023171099911
000000906302012023080599910
000000906302012023143499920
000000906302012023153699921
000000906302012023170299911
000000622202012023083599910
000000622202012023124399911
000000063802012023084599910
000000063802012023140899920
000000063802012023151099921
000000063802012023174299911
000000012202012023085099910
000000012202012023130599920
000000012202012023143599921
000000890102012023085599910
000000890102012023120099920
000000890102012023130599921
000000890102012023171799911
000000609902012023085599910
000000609902012023085599911
000000905902012023085699910
000000905902012023085699911
000000694002012023085899910
000000694002012023121399920
000000694002012023131999921
000000694002012023180399911
000000764102012023095799910
000000764102012023130099920
000000764102012023140299921
000000764102012023182699911
000000006802012023105899910
000000006802012023105899920
000000006802012023130099921
000000006802012023130099911
000000007902012023105899910
000000007902012023105899920
000000007902012023125999921
000000007902012023125999911
000000414402012023105999910
000000414402012023150499920
000000414402012023161199921
000000414402012023192799911
000000006702012023110099910
000000006702012023110099920
000000006702012023130199921
000000006702012023130199911
000000007502012023110099910
000000007502012023110099920
000000007502012023130299921
000000007502012023130299911
000000171102012023110499910
000000171102012023110499920
000000171102012023120599921
000000171102012023164099911
000000622202012023111699910
000000622202012023113099920
000000622202012023123199921
000000622202012023135499911
000000007802012023113499910
000000007802012023153699911
000000758302012023115799910
000000758302012023115799911
000000591302012023120599910
000000591302012023120599920
000000591302012023130799921
000000591302012023130799911
000000905902012023122699910
000000905902012023122699920
000000905902012023132899921
000000905902012023132899911
000000609902012023125799910
000000609902012023130099920
000000609902012023140299921
000000609902012023152899911
000000149402012023130799910
000000149402012023130799911
000000007002012023142999910
000000007002012023142999911
000000028702012023145899910
000000028702012023153299930
000000028702012023170799931
000000028702012023170799911
000000639102012023145999910
000000639102012023150099911
000000591302012023150599910
000000591302012023150599911
000000758302012023151599910
000000758302012023151599911
000000452802012023151799910
000000452802012023152599911
000000758302012023162399910
000000758302012023162499920
000000758302012023172799921
000000007502012023162999910
000000007502012023162999911
000000005702012023162999910
000000005702012023163099911
000000006802012023163199910
000000006802012023163199911
000000007602012023163399910
000000007602012023163399911
000000007902012023164899910
000000007902012023164899911
000000149402012023181199910
000000149402012023181799920
000000149402012023191999921
000000149402012023191999911
000000609902012023182799910
000000609902012023182799911
000000905902012023182999910
000000905902012023182999911
000000149402012023212999910
000000149402012023213799911
