000000007421012023045599910
000000007421012023134299911
000000007721012023045699910
000000007721012023082499911
000000171121012023055599910
000000171121012023055699911
000000409721012023055699910
000000409721012023055699911
000000483221012023060099910
000000483221012023082399911
000000487521012023060399910
000000487521012023060399911
000000634221012023060899910
000000634221012023123699911
000000171121012023061399910
000000171121012023101199911
000000487521012023061699910
000000487521012023101399911
000000006821012023062399910
000000006821012023062399911
000000007521012023062799910
000000007521012023062799911
000000052821012023065599910
000000590921012023065599910
000000590921012023120899920
000000590921012023130999921
000000590921012023161699911
000000639121012023065599910
000000639121012023121399920
000000639121012023132199921
000000639121012023150199911
000000591321012023065699910
000000591321012023123999920
000000591321012023134099921
000000830921012023065699910
000000830921012023065699911
000000525121012023065699910
000000525121012023115699911
000000006521012023065899910
000000006521012023065899911
000000006721012023065899910
000000006721012023065899930
000000006721012023070499931
000000006721012023073399930
000000006721012023075299931
000000006721012023084499930
000000006721012023101199931
000000006721012023112499920
000000006721012023122599921
000000006721012023122599911
000000007821012023065899910
000000007821012023065899911
000000007921012023065899910
000000007921012023065899911
000000007221012023065999910
000000007221012023065999911
000000005721012023065999910
000000005721012023105999920
000000005721012023120099921
000000005721012023145499911
000000007021012023065999910
000000007021012023065999911
000000007621012023070099910
000000007621012023070099911
000000622221012023070899910
000000153321012023071599910
000000153321012023123199911
000000009121012023071999910
000000009121012023112699911
000000306821012023072099910
000000306821012023105099940
000000306821012023110599941
000000306821012023131599911
000000034521012023072599910
000000034521012023112599911
000000416221012023072699910
000000416221012023080699930
000000416221012023090099931
000000622221012023073399910
000000622221012023115599911
000000631821012023075599910
000000631821012023075599930
000000631821012023081599931
000000631821012023115899911
000000029021012023075699910
000000029021012023095799930
000000029021012023102199931
000000029021012023104599940
000000029021012023110099941
000000029021012023130599911
000000846621012023075799910
000000846621012023130299911
000000028721012023075799910
000000028721012023120099911
000000030621012023075899910
000000030621012023113399911
000000210621012023075899910
000000210621012023120099911
000000906321012023080099910
000000906321012023125399911
000000738221012023080099910
000000738221012023120099911
000000302621012023080199910
000000302621012023120099911
000000299121012023080199910
000000299121012023095899911
000000731721012023080299910
000000292621012023080399910
000000292621012023080499911
000000225421012023080499910
000000225421012023120399911
000000190521012023080499910
000000190521012023121499911
000000030621012023080799910
000000292121012023080899910
000000292121012023124899911
000000083621012023083199910
000000083621012023105899911
000000409721012023083499910
000000409721012023085399930
000000409721012023095599931
000000409721012023095599920
000000409721012023105699921
000000409721012023105699930
000000409721012023112599931
000000409721012023121099911
000000781221012023085699910
000000781221012023135099911
000000694021012023090199910
000000694021012023130299911
000000890121012023090599910
000000890121012023121499920
000000890121012023131699921
000000890121012023171499911
000000746721012023091099910
000000746721012023131099940
000000746721012023132699941
000000746721012023142599911
000000483221012023092599910
000000483221012023102299911
000000488721012023095899910
000000488721012023095999911
000000006521012023105499910
000000006521012023105499920
000000006521012023115699921
000000006521012023115699911
000000859021012023105699910
000000859021012023144399920
000000859021012023154899921
000000859021012023181499911
000000487521012023105699910
000000487521012023130699920
000000487521012023141199921
000000487521012023141199911
000000007921012023105799910
000000007921012023105799920
000000007921012023120199921
000000007921012023120199911
000000007221012023105899910
000000007221012023105899920
000000007221012023120099921
000000007221012023120099911
000000171121012023105899910
000000171121012023105899920
000000171121012023120199921
000000171121012023152499911
000000007821012023105999910
000000007821012023105999920
000000007821012023120099921
000000007821012023120099911
000000007021012023105999910
000000007021012023105999920
000000007021012023120299921
000000007021012023120299911
000000414421012023110099910
000000414421012023143899920
000000414421012023153999921
000000414421012023191899911
000000006821012023110099910
000000006821012023110199920
000000006821012023120299911
000000007621012023110199910
000000007621012023110199920
000000007621012023120199921
000000007621012023120199911
000000007521012023110299910
000000007521012023110299920
000000007521012023120299921
000000007521012023120299911
000000535121012023120399910
000000292621012023122799911
000000830921012023124199910
000000830921012023124199920
000000830921012023134299921
000000830921012023164199911
000000149421012023125999910
000000149421012023130099911
000000488721012023135699910
000000488721012023135799911
000000007621012023141099910
000000007621012023141099911
000000007021012023141499910
000000007021012023141499911
000000007821012023141999910
000000007821012023141999911
000000006521012023143499910
000000006521012023143499911
000000006721012023143799910
000000006721012023143799911
000000007221012023143999910
000000007221012023143999911
000000007521012023151699910
000000007521012023151799911
000000006821012023151899910
000000006821012023151899911
000000149421012023180199910
000000149421012023180299911
