000000028723022023043099910
000000028723022023071999911
000000006823022023050199910
000000006823022023090499930
000000006823022023114299931
000000007323022023050199910
000000007323022023072699911
000000006523022023050299910
000000006523022023081399911
000000006623022023055299910
000000006623022023100299920
000000006623022023143099911
000000609923022023055599910
000000609923022023120699921
000000609923022023120799911
000000007423022023055599910
000000007423022023072099911
000000171123022023055699910
000000171123022023112599920
000000171123022023122899921
000000171123022023112599920
000000171123022023152899911
000000483223022023055699910
000000007023022023055899910
000000007023022023103699920
000000007023022023113899921
000000007023022023151499911
000000011023022023055999910
000000011023022023072099911
000000487523022023055999910
000000487523022023055999911
000000296423022023060099910
000000296423022023115699920
000000296423022023125899921
000000296423022023155799911
000000409723022023060099910
000000409723022023060199911
000000300923022023060299910
000000300923022023060299911
000000300923022023060299910
000000300923022023111999920
000000300923022023122099921
000000300923022023163099911
000000409723022023060899910
000000409723022023092199930
000000409723022023103199931
000000409723022023103199931
000000409723022023120799921
000000409723022023120799911
000000487523022023061299910
000000487523022023095999920
000000487523022023155299911
000000525123022023061899910
000000525123022023061999911
000000005723022023062999910
000000005723022023080399911
000000525123022023063899910
000000525123022023120499921
000000007923022023065499910
000000007923022023065499911
000000634123022023065599910
000000634123022023173199911
000000830923022023065599910
000000830923022023121899920
000000830923022023131999921
000000830923022023162199911
000000007623022023065599910
000000007623022023111999920
000000007623022023122299921
000000007623022023134899911
000000007823022023065599910
000000007823022023065599911
000000652423022023065599910
000000652423022023120399920
000000652423022023130599921
000000652423022023153399911
000000006723022023065699910
000000006723022023065699911
000000007523022023065699910
000000007523022023065699911
000000591323022023065699910
000000591323022023065699910
000000591323022023065799911
000000639123022023065699910
000000639123022023122799920
000000639123022023133199921
000000639123022023173099911
000000408923022023065799910
000000408923022023114099920
000000408923022023124199921
000000408923022023170199911
000000590923022023065799910
000000590923022023114499920
000000590923022023124599921
000000590923022023124599911
000000225423022023070499910
000000225423022023114599920
000000225423022023124899921
000000225423022023124899921
000000225423022023124899921
000000225423022023171399911
000000239523022023070599910
000000239523022023104299920
000000239523022023114599921
000000239523022023163499911
000000731523022023070699910
000000731523022023121499921
000000731523022023153199911
000000452823022023071199910
000000452823022023071499911
000000029023022023071599910
000000029023022023120099920
000000029023022023140099921
000000029023022023172099911
000000452823022023071999910
000000007423022023072399910
000000007423022023090899911
000000011023022023072499910
000000011023022023120399921
000000011023022023143099911
000000021723022023072799910
000000021723022023130299921
000000021723022023173299911
000000034523022023072799910
000000034523022023130599921
000000034523022023173899911
000000731723022023072999910
000000731723022023120099920
000000731723022023140099921
000000731723022023173099911
000000052823022023072999910
000000052823022023114199920
000000052823022023124299921
000000052823022023164699911
000000190523022023073099910
000000190523022023130399921
000000190523022023172799911
000000488723022023073099910
000000488723022023112999920
000000488723022023123099921
000000488723022023163199911
000000846623022023073999910
000000846623022023130399920
000000846623022023145999921
000000846623022023173899911
000000591323022023074399910
000000591323022023124399920
000000591323022023134599921
000000591323022023160699911
000000197423022023075599910
000000197423022023075799930
000000197423022023080499931
000000197423022023080599930
000000197423022023080699931
000000197423022023085899930
000000197423022023091099931
000000197423022023092799930
000000197423022023093699931
000000197423022023094599930
000000197423022023095099931
000000197423022023101599930
000000197423022023102299931
000000197423022023103499930
000000197423022023104299931
000000197423022023111599930
000000197423022023111999931
000000197423022023120699930
000000197423022023122999931
000000197423022023122999931
000000197423022023123399920
000000197423022023133499921
000000197423022023141299930
000000197423022023142399931
000000197423022023142399931
000000197423022023144499930
000000197423022023144899931
000000197423022023150899930
000000197423022023152099931
000000197423022023154799930
000000197423022023155699931
000000197423022023163099931
000000197423022023163399930
000000197423022023165899931
000000197423022023165899911
000000416223022023075599910
000000416223022023075699930
000000416223022023082999931
000000416223022023121499930
000000416223022023122299931
000000416223022023122799920
000000416223022023142999921
000000416223022023175399911
000000695223022023075599910
000000695223022023120599920
000000695223022023130799921
000000695223022023165899911
000000268923022023075699910
000000268923022023115799920
000000268923022023125899921
000000268923022023175099911
000000764123022023075699910
000000764123022023120499920
000000764123022023130799921
000000764123022023170399911
000000781223022023075699910
000000781223022023121199920
000000781223022023131199921
000000781223022023161699911
000000007323022023075799910
000000007323022023121699921
000000007323022023153199911
000000210623022023075899910
000000210623022023125299920
000000210623022023135499921
000000210623022023183599911
000000292623022023075999910
000000292623022023082399911
000000063823022023080099910
000000063823022023080099911
000000738223022023080099910
000000738223022023131399921
000000738223022023180199911
000000030623022023080099910
000000030623022023122999920
000000030623022023133099921
000000030623022023183299911
000000302623022023080099910
000000302623022023122999920
000000302623022023133099921
000000302623022023170099911
000000689223022023080299910
000000689223022023125699920
000000689223022023135799921
000000689223022023161399911
000000767523022023080699910
000000767523022023120299920
000000767523022023130899921
000000767523022023171799911
000000906323022023080799910
000000906323022023113899920
000000906323022023123999921
000000906323022023173599911
000000028723022023081099910
000000028723022023084899920
000000028723022023095499921
000000028723022023133799911
000000083623022023082199910
000000083623022023171399911
000000890123022023085199910
000000890123022023131999920
000000890123022023142099921
000000890123022023180099911
000000030623022023085399910
000000030623022023114399911
000000694023022023090099910
000000694023022023122599920
000000694023022023133199921
000000694023022023181099911
000000483223022023090899910
000000483223022023121299921
000000483223022023121299911
000000758323022023095699910
000000758323022023095699911
000000758323022023103999910
000000758323022023145399911
000000883723022023105499910
000000883723022023134199920
000000883723022023144299921
000000883723022023194299911
000000007523022023105899910
000000007523022023105899920
000000007523022023130199921
000000007523022023130199911
000000007423022023115899921
000000007423022023115899911
000000452823022023120199910
000000452823022023120199920
000000452823022023130299921
000000452823022023170599911
000000292623022023120599910
000000292623022023120599920
000000292623022023130699921
000000292623022023170499911
000000609923022023121299910
000000609923022023165799911
000000409723022023121399910
000000409723022023121799930
000000409723022023123999931
000000409723022023153199911
000000483223022023122899910
000000483223022023155799911
000000634123022023125199910
000000634123022023125199920
000000634123022023135199921
000000634123022023173099911
000000006723022023130099921
000000006723022023130099911
000000007823022023130299921
000000007823022023130299911
000000149423022023130399910
000000149423022023130499911
000000007423022023143899910
000000007423022023143899911
000000758323022023150099910
000000758323022023172699920
000000758323022023182799921
000000758323022023200099911
000000525123022023150999910
000000525123022023151099911
000000005723022023151999910
000000005723022023170299911
000000590923022023154399910
000000590923022023154399911
000000007623022023154599910
000000007623022023154699911
000000006723022023163299910
000000006723022023163299911
000000007523022023163499910
000000007523022023163499911
000000007823022023164199910
000000007823022023164199910
000000007823022023164199911
000000007923022023164299910
000000007923022023164299911
000000063823022023171199910
000000063823022023171199911
000000149423022023181299910
000000149423022023181299920
000000149423022023191499921
000000149423022023191499911
000000414423022023142599920
000000414423022023152799921
000000414423022023191599911
000000905923022023205899910
000000905923022023205899911
000000149423022023213399910
000000149423022023213999911
000000006723022023130099921
000000006723022023130099921
