000000007417052023142599911
000000007717052023050099910
000000007717052023080099911
000000006817052023050099910
000000006817052023071399930
000000006817052023074599931
000000006817052023094799930
000000006817052023100799931
000000006817052023114199920
000000006817052023124299921
000000006817052023134199911
000000007817052023050099910
000000007817052023073099911
000000007017052023050199910
000000007017052023093499911
000000007517052023054199910
000000007517052023054199911
000000609917052023055599910
000000609917052023083299911
000000005717052023055699910
000000005717052023110099920
000000005717052023120099921
000000005717052023141699911
000000487417052023055899910
000000487417052023062399911
000000758317052023055899910
000000758317052023055999911
000000487517052023055999910
000000487517052023055999911
000000011017052023060099910
000000011017052023071599911
000000525117052023060099910
000000525117052023060099911
000000171117052023060099910
000000171117052023084999911
000000296417052023060099910
000000296417052023100099920
000000296417052023141799921
000000296417052023145099911
000000006717052023060199910
000000006717052023060199930
000000006717052023061399931
000000006717052023071499930
000000006717052023071599931
000000006717052023071799930
000000006717052023073099931
000000006717052023095299930
000000006717052023102199931
000000006717052023110299920
000000006717052023120299921
000000006717052023120299930
000000006717052023120999931
000000006717052023140199930
000000006717052023140599931
000000006717052023154199930
000000006717052023155699931
000000006717052023155699911
000000300917052023060199910
000000300917052023101099920
000000300917052023111299921
000000300917052023132699911
000000634117052023060399910
000000634117052023124399920
000000634117052023134499921
000000634117052023162599911
000000525117052023061999910
000000525117052023090799911
000000487417052023062899910
000000487417052023110099920
000000487417052023120599921
000000487417052023143499911
000000007317052023065499910
000000007317052023114699920
000000007317052023124799921
000000007317052023114699920
000000007317052023172899911
000000007917052023065499910
000000007917052023065499911
000000590917052023065599910
000000590917052023122399920
000000590917052023132499921
000000590917052023163699911
000000007417052023065599910
000000007417052023112499920
000000007417052023132499921
000000007417052023132499911
000000639117052023065699910
000000639117052023124699920
000000639117052023135599921
000000083617052023065699910
000000083617052023070299930
000000083617052023092499931
000000083617052023141299930
000000083617052023154599931
000000083617052023171199911
000000830917052023065699910
000000830917052023115599920
000000830917052023125699921
000000830917052023151599911
000000731517052023065699910
000000731517052023113499920
000000731517052023123599921
000000006617052023065799910
000000006617052023113999920
000000006617052023124099921
000000006617052023143199911
000000689217052023065899910
000000689217052023115799920
000000689217052023125799921
000000689217052023153899911
000000591317052023065999910
000000591317052023113299920
000000591317052023124099921
000000591317052023152299911
000000299117052023070199910
000000299117052023115899920
000000299117052023130099921
000000299117052023161299911
000000409717052023070299910
000000409717052023074999930
000000409717052023093199931
000000409717052023093199931
000000409717052023094599931
000000409717052023121299920
000000409717052023131899921
000000409717052023131999911
000000758317052023070699910
000000758317052023103799920
000000758317052023114599921
000000452817052023070699910
000000452817052023120699911
000000239517052023070799910
000000239517052023113799920
000000239517052023123999921
000000239517052023113799920
000000239517052023163899911
000000029017052023071699910
000000029017052023121599920
000000029017052023141599921
000000153317052023071999910
000000153317052023110199920
000000153317052023130299921
000000153317052023160399930
000000153317052023161599931
000000153317052023172199911
000000011017052023072099910
000000011017052023110099920
000000011017052023120299921
000000011017052023143199911
000000052817052023072699910
000000052817052023114499920
000000052817052023124699921
000000052817052023160999911
000000268917052023072699910
000000268917052023114799920
000000268917052023124899921
000000268917052023162799911
000000731717052023072699910
000000731717052023120099920
000000731717052023140399921
000000731717052023173699911
000000488717052023072699910
000000488717052023114899920
000000488717052023125099921
000000535117052023072799910
000000535117052023123999920
000000535117052023134199921
000000535117052023134199911
000000034517052023072799910
000000034517052023121899920
000000034517052023141899921
000000034517052023172999911
000000021717052023072899910
000000021717052023115199920
000000021717052023135199921
000000021717052023173099911
000000483217052023072899910
000000483217052023113399920
000000483217052023123499921
000000483217052023162799911
000000190517052023073499910
000000190517052023140099921
000000190517052023173699911
000000126417052023073599910
000000126417052023073599930
000000126417052023080899931
000000126417052023120399920
000000126417052023130499921
000000126417052023132499930
000000126417052023135599931
000000126417052023153299930
000000126417052023160299931
000000126417052023160799930
000000126417052023162599931
000000126417052023163299911
000000266417052023075099910
000000266417052023122099920
000000266417052023133099921
000000846617052023075299910
000000846617052023125799920
000000846617052023145499921
000000846617052023175399911
000000695217052023075599910
000000695217052023120599920
000000695217052023130699921
000000695217052023162299911
000000631817052023075599910
000000631817052023075599930
000000631817052023085799931
000000631817052023104199930
000000631817052023115999931
000000631817052023115999920
000000631817052023130099921
000000631817052023130099930
000000631817052023165699931
000000631817052023165799911
000000416217052023075599910
000000416217052023075599930
000000416217052023100199931
000000416217052023121699920
000000416217052023141799921
000000416217052023141799930
000000416217052023173899931
000000416217052023174099911
000000197417052023075599910
000000197417052023075599930
000000197417052023120799931
000000197417052023120799931
000000197417052023121099920
000000197417052023131199921
000000197417052023132199930
000000197417052023155099931
000000197417052023170199911
000000408917052023075799910
000000408917052023114499920
000000408917052023124499921
000000210617052023075799910
000000210617052023114399920
000000210617052023124499921
000000210617052023182399911
000000292617052023080099910
000000292617052023120199920
000000292617052023130299921
000000292617052023170199911
000000736117052023080099910
000000736117052023122599920
000000736117052023132699921
000000736117052023170099911
000000906317052023080099910
000000906317052023135499920
000000906317052023145499921
000000906317052023170299911
000000302617052023080099910
000000302617052023120099920
000000302617052023130199921
000000030617052023080099910
000000030617052023080199911
000000738217052023080199910
000000738217052023123199920
000000738217052023143299921
000000738217052023191199911
000000767517052023080299910
000000767517052023130299920
000000767517052023140399921
000000767517052023171399911
000000487517052023080399910
000000487517052023110299911
000000225417052023080499910
000000225417052023123399920
000000225417052023133499921
000000742517052023080899910
000000742517052023132799920
000000742517052023143599921
000000742517052023172999911
000000063817052023080899910
000000063817052023130499920
000000063817052023141199921
000000063817052023172599911
000000292117052023080999910
000000292117052023130599920
000000292117052023140699921
000000292117052023171699911
000000617917052023084499910
000000617917052023133899920
000000617917052023150799921
000000617917052023150799921
000000617917052023172299911
000000746717052023085099910
000000746717052023115299911
000000890117052023085599910
000000890117052023122299920
000000890117052023132999921
000000890117052023180499911
000000694017052023090499910
000000694017052023121599920
000000694017052023132299921
000000694017052023182199911
000000525117052023093299910
000000525117052023110499920
000000525117052023120899921
000000525117052023141999911
000000028717052023093899910
000000028717052023101799930
000000028717052023103499931
000000028717052023121599930
000000028717052023125699931
000000028717052023132999911
000000764117052023105599910
000000764117052023141099920
000000764117052023151199921
000000764117052023201599911
000000414417052023105599910
000000414417052023152399920
000000414417052023162499921
000000414417052023200699911
000000007917052023105799910
000000007917052023105799920
000000007917052023125899921
000000007917052023125899911
000000883717052023105899910
000000883717052023143399920
000000883717052023153699921
000000883717052023143399920
000000883717052023193699911
000000007517052023105999910
000000007517052023105999920
000000007517052023120399921
000000007517052023120399911
000000452817052023120399910
000000452817052023123499920
000000452817052023133799921
000000452817052023171999911
000000171117052023121599910
000000171117052023121599920
000000171117052023131699921
000000171117052023132499911
000000609917052023124399910
000000609917052023124399920
000000609917052023134599921
000000609917052023134699911
000000030617052023125399910
000000030617052023142599920
000000030617052023152699921
000000030617052023174399911
000000149417052023130599910
000000149417052023130599911
000000535117052023135099910
000000535117052023173099911
000000007517052023142999910
000000007517052023142999911
000000007417052023144899910
000000007417052023144899911
000000905917052023145599910
000000905917052023145699911
000000652417052023152499910
000000652417052023152599911
000000609917052023153499910
000000609917052023153599911
000000006617052023153799910
000000006617052023153799911
000000007917052023163699910
000000007917052023163699911
000000639117052023174799910
000000639117052023174799911
000000905917052023235899910
000000905917052023235899911
