000000414412042023105599911
000000028712042023042999910
000000028712042023071699911
000000006712042023045999910
000000006712042023052299930
000000006712042023053399931
000000006712042023071899930
000000006712042023082099931
000000006712042023092999930
000000006712042023104699931
000000006712042023105699920
000000006712042023115699921
000000006712042023133299911
000000006512042023050299910
000000006512042023071599911
000000006612042023053299910
000000006612042023103999920
000000006612042023114099921
000000006612042023151899911
000000005712042023055899910
000000005712042023055899911
000000535112042023055899910
000000535112042023122499920
000000535112042023132699921
000000535112042023132699921
000000535112042023132699921
000000535112042023152299911
000000409712042023055999910
000000409712042023055999911
000000296412042023060099910
000000296412042023100099920
000000296412042023110399921
000000296412042023153799911
000000171112042023060099910
000000171112042023100199920
000000171112042023110399921
000000171112042023100199920
000000171112042023110499911
000000525112042023060499910
000000525112042023125599920
000000525112042023140399921
000000525112042023140399921
000000525112042023143099911
000000487512042023060599910
000000487512042023100399920
000000487512042023110599921
000000487512042023132699911
000000409712042023061199910
000000409712042023095399920
000000409712042023105699921
000000409712042023105699911
000000634212042023061499910
000000634212042023061599911
000000007012042023063099910
000000007012042023101099920
000000007012042023111099921
000000007012042023111099911
000000306812042023065399910
000000306812042023122099920
000000306812042023142099921
000000306812042023172099911
000000007912042023065599910
000000007912042023065599911
000000830912042023065599910
000000830912042023120299920
000000830912042023130499921
000000830912042023171299911
000000591312042023065599910
000000591312042023110899920
000000591312042023120999921
000000591312042023154099911
000000758312042023065599910
000000758312042023065599911
000000007312042023065599910
000000007312042023115699920
000000007312042023125799921
000000007312042023173399911
000000007512042023065599910
000000007512042023065599911
000000239512042023065699910
000000239512042023111299920
000000239512042023121399921
000000239512042023111299920
000000239512042023155599911
000000639112042023065699910
000000639112042023131399920
000000639112042023141599921
000000639112042023151999911
000000007812042023065699910
000000007812042023105899920
000000007812042023125999921
000000007812042023125999911
000000083612042023065699910
000000083612042023070099930
000000083612042023083699931
000000083612042023123299920
000000083612042023143699921
000000083612042023143699921
000000083612042023143699921
000000083612042023170099911
000000590912042023065699910
000000590912042023113699920
000000590912042023123799921
000000590912042023153499911
000000007412042023065699910
000000007412042023065699911
000000634112042023065799910
000000634112042023065899911
000000452812042023065799910
000000452812042023113399920
000000452812042023124299921
000000452812042023113399920
000000452812042023134799911
000000408912042023065899910
000000408912042023113899920
000000408912042023124099921
000000408912042023170099911
000000758312042023065899910
000000758312042023114399920
000000758312042023124399921
000000758312042023124399911
000000689212042023065999910
000000689212042023110099920
000000689212042023120099921
000000689212042023140699911
000000006812042023070399910
000000006812042023085199930
000000006812042023095299931
000000006812042023110099920
000000006812042023130199921
000000006812042023110099920
000000006812042023133399911
000000153312042023071599910
000000153312042023105299920
000000153312042023125399921
000000153312042023175199911
000000034512042023072599910
000000034512042023114599920
000000034512042023134599921
000000034512042023172599911
000000190512042023072699910
000000190512042023110699920
000000190512042023130499921
000000190512042023173099911
000000488712042023072699910
000000488712042023072799911
000000052812042023072799910
000000052812042023121299920
000000052812042023131599921
000000052812042023163899911
000000021712042023072799910
000000021712042023113799920
000000021712042023133799921
000000021712042023173199911
000000268912042023072899910
000000268912042023115199920
000000268912042023125299921
000000268912042023164399911
000000483212042023072899910
000000483212042023113499920
000000483212042023123599921
000000483212042023163299911
000000731712042023072999910
000000731712042023111599920
000000731712042023131299921
000000731712042023173199911
000000652412042023073099910
000000652412042023121699920
000000652412042023131899921
000000652412042023163499911
000000622212042023073499910
000000622212042023122899920
000000622212042023133099921
000000622212042023162799911
000000006512042023073899910
000000006512042023113099920
000000006512042023123199921
000000006512042023153899911
000000846612042023074299910
000000846612042023115799920
000000846612042023153499921
000000846612042023173599911
000000488712042023074799910
000000488712042023113999920
000000488712042023124199921
000000488712042023175299911
000000266412042023075199910
000000266412042023122399920
000000266412042023133399921
000000266412042023174399911
000000197412042023075599910
000000197412042023075599930
000000197412042023080599931
000000197412042023080599911
000000416212042023075599910
000000416212042023075799930
000000416212042023111799931
000000416212042023123299920
000000416212042023143399921
000000416212042023154899930
000000416212042023175299931
000000416212042023175299911
000000631812042023075599910
000000631812042023075599930
000000631812042023090999931
000000631812042023090999931
000000631812042023090999931
000000631812042023122199920
000000631812042023132299921
000000631812042023153599930
000000631812042023154299931
000000631812042023161499930
000000631812042023165899931
000000631812042023165899911
000000292612042023075899910
000000292612042023120099920
000000292612042023130499921
000000292612042023170499911
000000736112042023080099910
000000736112042023172499911
000000299112042023080099910
000000299112042023124599920
000000299112042023134699921
000000299112042023180499911
000000906312042023080099910
000000906312042023120099920
000000906312042023130499921
000000906312042023170499911
000000210612042023080099910
000000210612042023114699920
000000210612042023124799921
000000210612042023172599911
000000738212042023080199910
000000738212042023123399920
000000738212042023143499921
000000738212042023194099911
000000302612042023080199910
000000302612042023120099920
000000302612042023130299921
000000302612042023170499911
000000063812042023080199910
000000063812042023121199920
000000063812042023131399921
000000063812042023174399911
000000695212042023080199910
000000767512042023080299910
000000767512042023123299920
000000767512042023133499921
000000767512042023170599911
000000028712042023080499910
000000028712042023083299920
000000028712042023093599921
000000028712042023124899930
000000028712042023134499931
000000028712042023134499911
000000292112042023080599910
000000292112042023132799920
000000292112042023142899921
000000292112042023171099911
000000030612042023080599910
000000030612042023120199920
000000030612042023130499921
000000030612042023171799911
000000634212042023084499910
000000634212042023092399930
000000634212042023123399931
000000634212042023131799911
000000343212042023084899910
000000746712042023085199910
000000746712042023130199920
000000746712042023143499921
000000746712042023181299911
000000617912042023085599910
000000617912042023122699920
000000617912042023140199921
000000617912042023173599911
000000890112042023085799910
000000890112042023123999920
000000890112042023134199921
000000890112042023180099911
000000764112042023085999910
000000764112042023122299920
000000764112042023132499921
000000764112042023182799911
000000694012042023090199910
000000694012042023121299920
000000694012042023132199921
000000694012042023180299911
000000487412042023095799910
000000487412042023144099920
000000487412042023154399921
000000487412042023182099911
000000030612042023104199910
000000030612042023162299911
000000007512042023105699910
000000007512042023105899920
000000007512042023125999921
000000007512042023105899920
000000007512042023105899920
000000007512042023125999911
000000414412042023105699910
000000414412042023145999920
000000007412042023105799910
000000007412042023105799920
000000007412042023115899921
000000007412042023115899911
000000007912042023105899910
000000007912042023105899920
000000007912042023130099921
000000007912042023130099911
000000883712042023105999910
000000883712042023142699920
000000883712042023153599921
000000883712042023194099911
000000007012042023111699910
000000007012042023152099911
000000409712042023111799910
000000409712042023161199911
000000634112042023123999910
000000634112042023134099921
000000634112042023154699911
000000500712042023125899910
000000452812042023140599910
000000452812042023160299911
000000005712042023144899910
000000005712042023144899911
000000609912042023145599910
000000609912042023190099920
000000609912042023200299921
000000609912042023231299911
000000758312042023151599910
000000758312042023151599911
000000007012042023154699910
000000007012042023154699911
000000007412042023161599910
000000007412042023161599911
000000007512042023162399910
000000007512042023162399911
000000007812042023163099910
000000007812042023163099911
000000007912042023163399910
000000007912042023163399911
000000006812042023164499910
000000006812042023164499911
000000030612042023171799910
000000030612042023171799911
000000197412042023173899910
000000197412042023182499911
000000695212042023175299910
000000905912042023141999920
000000905912042023152299921
000000905912042023211299911
