000000028731012023042799910
000000028731012023071499911
000000006531012023050199910
000000006531012023113499920
000000006531012023123599921
000000006531012023153499911
000000006631012023053099910
000000006631012023115399920
000000006631012023125999921
000000006631012023154799911
000000609931012023055599910
000000609931012023085599911
000000171131012023055799910
000000171131012023104399920
000000171131012023114399921
000000171131012023154599911
000000500731012023055799910
000000500731012023102699920
000000500731012023112899921
000000500731012023121499930
000000500731012023144299931
000000500731012023145399911
000000487431012023055799910
000000487431012023110499920
000000487431012023120699921
000000300931012023055999910
000000300931012023060099911
000000634231012023060099910
000000634231012023085999930
000000634231012023095999931
000000634231012023103799920
000000634231012023113899921
000000634231012023142299911
000000409731012023060099910
000000409731012023073699930
000000409731012023101999931
000000409731012023101999931
000000409731012023101999920
000000409731012023112199921
000000409731012023112199930
000000409731012023123799931
000000409731012023142099911
000000487531012023060299910
000000487531012023100199920
000000487531012023110299921
000000487531012023142199911
000000622231012023060299910
000000622231012023060299911
000000525131012023060399910
000000525131012023060499911
000000300931012023060499910
000000300931012023100699920
000000300931012023110899921
000000300931012023110899911
000000622231012023060999910
000000622231012023093099920
000000622231012023103199921
000000622231012023142899911
000000525131012023061499910
000000525131012023112699920
000000525131012023123199921
000000005731012023062299911
000000029031012023064899910
000000029031012023115699920
000000029031012023135799921
000000029031012023172199911
000000639131012023065599910
000000639131012023114399920
000000639131012023124899921
000000639131012023150499911
000000830931012023065599910
000000830931012023123599920
000000830931012023133699921
000000830931012023161399911
000000591331012023065699910
000000591331012023120099920
000000591331012023130199921
000000591331012023155999911
000000007431012023065799910
000000007431012023110399920
000000007431012023130499921
000000007431012023130499911
000000007231012023065899910
000000007231012023065899911
000000007531012023065899910
000000007031012023065899910
000000007031012023065899911
000000006731012023065899910
000000006731012023065899911
000000731531012023065999910
000000731531012023120599920
000000731531012023130799921
000000731531012023163999911
000000652431012023065999910
000000652431012023120699920
000000652431012023130699921
000000652431012023160799911
000000007731012023065999910
000000007731012023072899911
000000007931012023065999910
000000006831012023070199910
000000006831012023085399930
000000006831012023100399931
000000006831012023110199920
000000006831012023130299921
000000006831012023130299911
000000007631012023070199910
000000007631012023113299920
000000007631012023123299921
000000007631012023174699911
000000689231012023070399910
000000689231012023121099920
000000689231012023131399921
000000689231012023172299911
000000452831012023070399910
000000452831012023152299911
000000153331012023070499910
000000153331012023105899920
000000153331012023130199921
000000153331012023165299911
000000292631012023071799910
000000292631012023110999911
000000009131012023071999910
000000009131012023110799920
000000009131012023130899921
000000009131012023173499911
000000306831012023072099910
000000306831012023110099920
000000306831012023130099921
000000306831012023170899911
000000034531012023072599910
000000034531012023112599920
000000034531012023132599921
000000034531012023180099911
000000731731012023072799910
000000731731012023120099920
000000731731012023135999921
000000731731012023140099921
000000731731012023173199911
000000488731012023072999910
000000488731012023113399920
000000488731012023123499921
000000007731012023073099910
000000007731012023073099910
000000007731012023111399920
000000007731012023121899921
000000007731012023173099911
000000052831012023073099910
000000052831012023120499920
000000052831012023130599921
000000052831012023163099911
000000483231012023073199910
000000483231012023073199911
000000190531012023073299910
000000535131012023073299910
000000535131012023115399920
000000535131012023125599921
000000535131012023182499911
000000416231012023074199910
000000416231012023120799920
000000416231012023140999921
000000416231012023141099930
000000416231012023142399931
000000416231012023142499931
000000416231012023175399911
000000846631012023074599910
000000266431012023075199910
000000266431012023120999920
000000266431012023132599921
000000266431012023181399911
000000781231012023075299910
000000781231012023130199920
000000781231012023140399921
000000781231012023160999911
000000483231012023075499910
000000483231012023113699920
000000483231012023123799921
000000483231012023162999911
000000631831012023075699910
000000631831012023080099911
000000063831012023075799910
000000063831012023125399920
000000063831012023135499921
000000063831012023170199911
000000030631012023075799910
000000030631012023120599920
000000030631012023130799921
000000030631012023165899911
000000210631012023075899910
000000210631012023114999920
000000210631012023124999921
000000210631012023170099911
000000738231012023080099910
000000738231012023114499920
000000738231012023134599921
000000738231012023180099911
000000225431012023080099910
000000302631012023080199910
000000302631012023121299920
000000302631012023131399921
000000302631012023170099911
000000028731012023080699910
000000028731012023080699930
000000028731012023083299931
000000028731012023080699930
000000028731012023083299920
000000028731012023093399921
000000028731012023123399930
000000028731012023130099931
000000028731012023123399930
000000028731012023133499911
000000292131012023080799910
000000292131012023114799920
000000292131012023124899921
000000292131012023171999911
000000906331012023081099910
000000906331012023120999920
000000906331012023131099921
000000906331012023170999911
000000083631012023081199910
000000746731012023085099910
000000746731012023113299920
000000746731012023130499921
000000746731012023181399911
000000609931012023085699910
000000609931012023130299920
000000609931012023140399921
000000905931012023085899910
000000905931012023085999911
000000890131012023090099910
000000890131012023124699920
000000890131012023134799921
000000890131012023183499911
000000197431012023090199910
000000197431012023090999911
000000694031012023090199910
000000694031012023121799920
000000694031012023132399921
000000694031012023180599911
000000197431012023092399910
000000197431012023093099930
000000197431012023095399931
000000197431012023095399931
000000197431012023100399930
000000197431012023101899931
000000197431012023103199930
000000197431012023104099931
000000197431012023104499930
000000197431012023120199931
000000197431012023120199931
000000197431012023120199920
000000197431012023130299921
000000197431012023130299930
000000197431012023133599931
000000197431012023135399930
000000197431012023165899931
000000197431012023165899911
000000758331012023095699910
000000225431012023102999910
000000225431012023113999920
000000225431012023124099921
000000225431012023172799911
000000414431012023103399910
000000414431012023135699920
000000414431012023145899921
000000414431012023195399911
000000859031012023105699910
000000859031012023164199920
000000859031012023174199921
000000859031012023194399911
000000007931012023105899910
000000007931012023105899920
000000007931012023125999921
000000007931012023125999911
000000764131012023105999910
000000764131012023144599920
000000764131012023154799921
000000764131012023194199911
000000007531012023105999910
000000007531012023105999920
000000007531012023130399921
000000007531012023130399911
000000007231012023105999910
000000007231012023105999920
000000007231012023130299921
000000007231012023130299911
000000007031012023105999910
000000007031012023110099920
000000007031012023130199921
000000007031012023130199911
000000006731012023110099910
000000006731012023130199921
000000006731012023130199911
000000005731012023112399910
000000452831012023121699910
000000452831012023125199920
000000452831012023135599921
000000452831012023142799911
000000007831012023130499911
000000149431012023131899910
000000149431012023131999911
000000292631012023132399910
000000292631012023165899911
000000905931012023132399910
000000905931012023132399920
000000905931012023142399921
000000905931012023142499911
000000300931012023160899910
000000300931012023160899911
000000409731012023161699910
000000409731012023161699911
000000007431012023162899910
000000007431012023162899911
000000006831012023163099910
000000006831012023163099911
000000007931012023163099910
000000007931012023163099911
000000007231012023163199910
000000007231012023163199911
000000006731012023163299910
000000006731012023163299911
000000007531012023163999910
000000007531012023163999911
000000197431012023170399910
000000197431012023170599930
000000197431012023171499931
000000197431012023172799930
000000197431012023173199931
000000197431012023174399911
000000905931012023175499910
000000905931012023175499911
000000149431012023180999910
000000149431012023180999920
000000149431012023191299921
000000149431012023191399911
000000758331012023190599910
000000758331012023190599911
000000149431012023212299910
000000149431012023212399911
