000000764112052023111699911
000000028712052023042799910
000000028712052023071199911
000000007312052023050099910
000000007312052023101899920
000000007312052023112099921
000000007312052023153099911
000000007712052023050099910
000000007712052023130599911
000000007012052023050199910
000000007012052023070899911
000000006712052023050399910
000000006712052023071799930
000000006712052023081699931
000000006712052023092599930
000000006712052023103799931
000000006712052023103799920
000000006712052023113799921
000000006712052023130999911
000000007412052023052699910
000000007412052023071199911
000000409712052023055599910
000000409712052023103899920
000000409712052023115199921
000000409712052023115199930
000000409712052023125299931
000000409712052023163799911
000000609912052023055599910
000000609912052023081199911
000000634212052023055799910
000000634212052023085599930
000000634212052023103699931
000000634212052023103699920
000000634212052023114499921
000000634212052023114499930
000000634212052023123499931
000000634212052023151899911
000000487512052023055799910
000000487512052023103999920
000000487512052023114599921
000000487512052023155799911
000000171112052023055899910
000000171112052023110599920
000000171112052023120799921
000000171112052023155099911
000000296412052023060099910
000000296412052023060099911
000000005712052023060099910
000000005712052023104499920
000000005712052023114799921
000000005712052023060099910
000000487412052023060399910
000000487412052023061499911
000000300912052023060399910
000000300912052023101399920
000000300912052023111599921
000000300912052023185599911
000000525112052023060499910
000000525112052023110699920
000000525112052023121099921
000000525112052023110699920
000000525112052023110699920
000000525112052023165199911
000000622212052023061099910
000000622212052023061299911
000000306812052023061099910
000000306812052023111299920
000000306812052023121999921
000000306812052023171499911
000000622212052023061599910
000000622212052023102499920
000000622212052023112599921
000000622212052023145299911
000000007812052023061999910
000000007812052023104699911
000000487412052023063099910
000000487412052023103699920
000000487412052023113899921
000000487412052023113999911
000000296412052023063199910
000000296412052023092199911
000000007912052023065499910
000000007912052023065499911
000000007512052023065599910
000000007512052023065599911
000000452812052023065599910
000000452812052023112999920
000000452812052023123499921
000000452812052023173199911
000000083612052023065699910
000000083612052023070199930
000000083612052023083099931
000000083612052023130699920
000000083612052023150999921
000000083612052023165799911
000000590912052023065699910
000000590912052023115599920
000000590912052023125699921
000000590912052023154699911
000000830912052023065799910
000000830912052023115199920
000000830912052023125399921
000000830912052023115199920
000000830912052023115199920
000000830912052023115199920
000000830912052023151699911
000000006812052023065799910
000000006812052023085599930
000000006812052023102499931
000000006812052023110099911
000000689212052023065799910
000000689212052023113699920
000000689212052023123799921
000000689212052023151799911
000000591312052023065899910
000000591312052023125699920
000000591312052023135799921
000000591312052023162199911
000000758312052023065999910
000000758312052023120699920
000000758312052023130799921
000000758312052023151799911
000000639112052023070099910
000000639112052023135499920
000000639112052023150199921
000000639112052023154399911
000000738212052023070099910
000000738212052023111199920
000000738212052023131299921
000000738212052023180099911
000000006612052023070199910
000000006612052023122999920
000000006612052023133099921
000000006612052023141199911
000000302612052023070399910
000000302612052023120099920
000000302612052023130199921
000000731512052023070599910
000000731512052023114399920
000000731512052023124599921
000000500712052023070599910
000000500712052023082599930
000000500712052023101199931
000000500712052023112099911
000000239512052023071199910
000000239512052023110599920
000000239512052023120799921
000000239512052023120799921
000000239512052023071199910
000000029012052023071599910
000000029012052023123099920
000000029012052023143099921
000000153312052023071599910
000000153312052023100499920
000000153312052023120599921
000000153312052023142999930
000000153312052023143799931
000000153312052023175099911
000000190512052023072499910
000000190512052023115799920
000000190512052023135299921
000000190512052023173899911
000000034512052023072599910
000000034512052023115999920
000000034512052023135999921
000000034512052023175799911
000000052812052023072699910
000000052812052023121399920
000000052812052023131599921
000000268912052023072699910
000000268912052023113899920
000000268912052023123999921
000000268912052023180499911
000000488712052023072799910
000000488712052023114099920
000000488712052023124199921
000000488712052023181099911
000000021712052023072899910
000000021712052023120099920
000000021712052023140099921
000000021712052023175699911
000000483212052023072999910
000000483212052023113799920
000000483212052023123899921
000000483212052023173299911
000000126412052023073599910
000000126412052023073599930
000000126412052023081399931
000000126412052023081399931
000000126412052023081399931
000000126412052023102099930
000000126412052023105299931
000000126412052023114699920
000000126412052023124799921
000000126412052023145899930
000000126412052023154599931
000000126412052023160299930
000000126412052023162399931
000000126412052023163299911
000000731712052023073599910
000000731712052023120899920
000000731712052023140899921
000000731712052023174599911
000000292612052023074399910
000000292612052023074499911
000000266412052023074999910
000000266412052023120499920
000000266412052023131499921
000000266412052023173299911
000000028712052023075099910
000000028712052023083999920
000000028712052023094999921
000000028712052023124599930
000000028712052023131499931
000000028712052023140099911
000000007012052023075499910
000000007012052023111699920
000000007012052023122299921
000000007012052023153199911
000000846612052023075499910
000000846612052023121199920
000000846612052023140799921
000000846612052023175399911
000000416212052023075599910
000000416212052023075599930
000000416212052023084699931
000000416212052023113299920
000000416212052023133399921
000000416212052023133399930
000000416212052023140199931
000000416212052023174099911
000000631812052023075599910
000000631812052023075599930
000000631812052023091499931
000000631812052023124399920
000000631812052023134499921
000000631812052023171599911
000000197412052023075599910
000000197412052023075599930
000000197412052023085099931
000000197412052023090599930
000000197412052023120199931
000000197412052023120199920
000000197412052023130299921
000000197412052023130399930
000000197412052023165799931
000000197412052023165799911
000000695212052023075699910
000000225412052023075799910
000000225412052023112899920
000000225412052023125899921
000000225412052023175499911
000000210612052023075999910
000000210612052023115599920
000000210612052023125699921
000000210612052023170199911
000000736112052023080099910
000000736112052023114999920
000000736112052023125199921
000000063812052023080099910
000000063812052023134999920
000000063812052023145099921
000000063812052023171799911
000000906312052023080099910
000000906312052023135199920
000000906312052023145199921
000000906312052023172699911
000000030612052023080099911
000000408912052023080199910
000000408912052023124099920
000000408912052023134299921
000000767512052023080299910
000000767512052023120899920
000000767512052023130999921
000000767512052023170899911
000000299112052023080599910
000000299112052023120799920
000000299112052023130999921
000000299112052023170499911
000000292112052023080599910
000000292112052023122099920
000000292112052023132199921
000000292112052023132199921
000000292112052023170699911
000000742512052023080799910
000000742512052023141199911
000000746712052023082099910
000000746712052023124299920
000000746712052023134699921
000000746712052023181499911
000000617912052023082699910
000000617912052023120399920
000000617912052023140099921
000000617912052023190199911
000000030612052023083699910
000000030612052023120099920
000000030612052023130299921
000000030612052023155899911
000000890112052023085799910
000000890112052023124599920
000000890112052023134799921
000000890112052023181599911
000000694012052023090199910
000000694012052023132699920
000000694012052023143299921
000000694012052023180299911
000000296412052023093199911
000000296412052023093199911
000000296412052023093199910
000000296412052023120999911
000000634112052023095599910
000000634112052023162999920
000000634112052023173099921
000000634112052023162999920
000000634112052023200099911
000000883712052023100999910
000000883712052023134899920
000000883712052023150299921
000000883712052023200499911
000000859012052023102199910
000000859012052023102199911
000000292612052023102399910
000000292612052023104099930
000000292612052023115799931
000000292612052023124599931
000000292612052023124699920
000000292612052023134799921
000000292612052023134799930
000000292612052023150499931
000000292612052023161799911
000000859012052023104599910
000000859012052023105799911
000000905912052023105399910
000000905912052023140499920
000000905912052023150699921
000000905912052023221999911
000000414412052023105599910
000000414412052023141499920
000000414412052023151699921
000000414412052023194299911
000000007412052023105799910
000000007412052023105799920
000000007412052023125899921
000000007412052023125899911
000000007512052023105899910
000000007512052023105899920
000000007512052023123999921
000000007512052023105899910
000000535112052023110599910
000000535112052023110599920
000000535112052023120999921
000000535112052023170499911
000000609912052023112499910
000000609912052023112499910
000000609912052023112499920
000000609912052023122599921
000000609912052023122599911
000000487412052023114099910
000000487412052023155199911
000000296412052023121899910
000000296412052023121899920
000000296412052023132199921
000000296412052023132299911
000000149412052023122599910
000000149412052023122599911
000000007512052023123999911
000000007912052023105899920
000000007912052023125899921
000000007912052023125899911
000000296412052023134599910
000000296412052023161899911
000000006712052023143199910
000000006712052023143199911
000000300912052023145599910
000000300912052023185799911
000000005712052023155099911
000000005712052023155099911
000000296412052023161899910
000000296412052023161899911
000000006612052023163999910
000000006612052023163999911
000000007412052023164299910
000000007412052023164299911
000000007912052023164299910
000000007912052023164299911
000000007512052023164399910
000000007512052023164399911
000000239512052023165099911
000000239512052023165099911
000000292612052023165699910
000000292612052023165699911
000000292612052023165699910
000000292612052023165799911
000000083612052023165799910
000000083612052023170099911
000000030612052023170399910
000000030612052023190899911
000000006812052023172799910
000000006812052023172799911
000000652412052023174199910
000000652412052023174299911
000000859012052023191399910
000000859012052023193699911
000000609912052023191899910
000000609912052023191899911
000000764112052023142799920
000000764112052023152999921
000000764112052023203299911
000000007912052023105899920
000000007912052023105899920
