000000890117022023172099911
000000028717022023043199910
000000028717022023072599911
000000007417022023050099910
000000007417022023104299920
000000007417022023114399921
000000007317022023050199910
000000007317022023072699911
000000006517022023055399910
000000006517022023055399911
000000609917022023055599910
000000609917022023074199911
000000409717022023055999910
000000409717022023100699911
000000011017022023060099910
000000011017022023071999911
000000007017022023060099910
000000007017022023091599930
000000007017022023095099931
000000007017022023095099920
000000007017022023105299921
000000007017022023115099930
000000007017022023122899931
000000007017022023140999911
000000171117022023060099910
000000171117022023100299920
000000171117022023110499921
000000171117022023162299911
000000525117022023060199910
000000525117022023112799920
000000525117022023123099921
000000525117022023160299911
000000300917022023060299910
000000300917022023101099920
000000300917022023111199921
000000296417022023060399910
000000296417022023061599911
000000006817022023061699910
000000006817022023100799911
000000487517022023061999910
000000487517022023095999920
000000487517022023110099921
000000487517022023173399911
000000005717022023062699910
000000005717022023080099911
000000296417022023063199910
000000296417022023110999920
000000296417022023121199921
000000296417022023142399911
000000591317022023065599910
000000591317022023125799920
000000591317022023135999921
000000591317022023163799911
000000634117022023065599910
000000634117022023114299920
000000634117022023124399921
000000634117022023160099911
000000830917022023065599910
000000830917022023080299911
000000487417022023065599910
000000487417022023125899920
000000487417022023140099921
000000487417022023140699911
000000006717022023065699910
000000006717022023065699911
000000590917022023065699910
000000590917022023111899920
000000590917022023121999921
000000590917022023150899911
000000007817022023065699910
000000007817022023065699911
000000007917022023065799910
000000007917022023065799911
000000007517022023065799910
000000007517022023065799911
000000006617022023065899910
000000006617022023065899911
000000652417022023065899910
000000652417022023124799920
000000652417022023134899921
000000652417022023172299911
000000239517022023065899910
000000239517022023104499920
000000239517022023114699921
000000239517022023114699921
000000239517022023155999911
000000007617022023065999910
000000007617022023112799920
000000007617022023132799921
000000007617022023112799920
000000007617022023132799911
000000689217022023065999910
000000689217022023121999920
000000689217022023132099921
000000689217022023174199911
000000731517022023065999910
000000731517022023115099920
000000731517022023125199921
000000731517022023150599911
000000452817022023070299910
000000452817022023121799920
000000452817022023131799921
000000452817022023174499911
000000639117022023070999910
000000639117022023124899920
000000639117022023162199911
000000190517022023072499910
000000190517022023110499920
000000190517022023130899921
000000190517022023173199911
000000731717022023072599910
000000731717022023121099920
000000731717022023141099921
000000731717022023175599911
000000034517022023072699910
000000034517022023114199920
000000034517022023134199921
000000034517022023172699911
000000343217022023072699910
000000343217022023120399920
000000343217022023140099921
000000343217022023183799911
000000021717022023072899910
000000021717022023112299920
000000021717022023132299921
000000021717022023173199911
000000483217022023072899910
000000483217022023113099920
000000483217022023123399921
000000483217022023170099911
000000488717022023072999910
000000488717022023113799920
000000488717022023124099921
000000488717022023171599911
000000052817022023072999910
000000052817022023113799920
000000052817022023123899921
000000052817022023170099911
000000268917022023075599910
000000268917022023122199920
000000268917022023132299921
000000268917022023173699911
000000416217022023075699910
000000416217022023125099920
000000416217022023145199921
000000416217022023174399911
000000695217022023075699910
000000695217022023120599920
000000695217022023130799921
000000695217022023170099911
000000197417022023075699910
000000197417022023075699930
000000197417022023080899931
000000197417022023083199930
000000197417022023084399931
000000197417022023084399931
000000197417022023085399930
000000197417022023085599931
000000197417022023085899930
000000197417022023091099931
000000197417022023091699930
000000197417022023092499931
000000197417022023093099930
000000197417022023095599931
000000197417022023095599931
000000197417022023100599930
000000197417022023102099931
000000197417022023103699930
000000197417022023110899931
000000197417022023110899931
000000197417022023113799930
000000197417022023114599931
000000197417022023115899930
000000197417022023120099931
000000197417022023120099920
000000197417022023130299921
000000197417022023130599930
000000197417022023132299931
000000197417022023132299931
000000197417022023132399931
000000197417022023134399930
000000197417022023141599931
000000197417022023141599931
000000197417022023141899930
000000197417022023142199931
000000197417022023145199930
000000197417022023145999931
000000197417022023154599930
000000197417022023164299931
000000197417022023164299931
000000197417022023170099911
000000764117022023075799910
000000764117022023120999920
000000764117022023131299921
000000764117022023184899911
000000408917022023075799910
000000408917022023122599920
000000408917022023132999921
000000408917022023171399911
000000210617022023075899910
000000210617022023121299920
000000210617022023131499921
000000210617022023174699911
000000063817022023075899910
000000063817022023075899911
000000846617022023075899910
000000846617022023115999920
000000846617022023133699921
000000846617022023180499911
000000007317022023075999910
000000007317022023111199920
000000007317022023121299921
000000007317022023153099911
000000738217022023080099910
000000738217022023111199920
000000738217022023131299921
000000738217022023180099911
000000225417022023080199910
000000225417022023130199920
000000225417022023140399921
000000225417022023165699911
000000292617022023080199910
000000292617022023120799920
000000292617022023130899921
000000292617022023130899911
000000767517022023080399910
000000767517022023121099920
000000767517022023131199921
000000767517022023183099911
000000781217022023080399910
000000781217022023122399920
000000781217022023132699921
000000781217022023201299911
000000906317022023080399910
000000906317022023132799920
000000906317022023142899921
000000906317022023172899911
000000029017022023080599910
000000029017022023121599920
000000029017022023141599921
000000029017022023180099911
000000302617022023080699910
000000302617022023121199920
000000302617022023131299921
000000302617022023170099911
000000083617022023082299910
000000083617022023165099911
000000028717022023083099910
000000028717022023083099920
000000028717022023093299921
000000028717022023124099930
000000028717022023131199931
000000028717022023134299911
000000830917022023084199910
000000830917022023112899911
000000746717022023085099910
000000746717022023113799920
000000746717022023131199921
000000746717022023181199911
000000694017022023090299910
000000694017022023131699920
000000694017022023141999921
000000694017022023181199911
000000758317022023095599910
000000758317022023095599911
000000758317022023100699910
000000758317022023195899911
000000006817022023101099910
000000006817022023112199920
000000006817022023122299921
000000006817022023153799911
000000409717022023101299910
000000409717022023101499920
000000409717022023111599921
000000409717022023155399911
000000414417022023105599910
000000414417022023155299920
000000414417022023165299921
000000414417022023194199911
000000859017022023105599910
000000859017022023144499920
000000859017022023154599921
000000859017022023191599911
000000007917022023105799910
000000007917022023105799920
000000007917022023130099921
000000007917022023130099911
000000007817022023105799910
000000007817022023105799920
000000007817022023125999921
000000007817022023125999911
000000007517022023105899910
000000007517022023105899920
000000007517022023130399921
000000007517022023130399911
000000905917022023105899910
000000905917022023105999911
000000006617022023105899910
000000006617022023105899920
000000006617022023130299921
000000883717022023105999910
000000883717022023140199920
000000883717022023150599921
000000883717022023191699911
000000006717022023110099910
000000006717022023110099920
000000006717022023130199921
000000006717022023130199911
000000006517022023110099910
000000006517022023110099920
000000006517022023130399921
000000006517022023130399911
000000609917022023110299910
000000609917022023134599920
000000609917022023144799921
000000609917022023174799911
000000149417022023130599910
000000149417022023130599911
000000007417022023133599910
000000007417022023133599911
000000292617022023141699910
000000292617022023180199911
000000487417022023142599910
000000487417022023191099911
000000007017022023143499910
000000007017022023143499911
000000296417022023143799910
000000296417022023143899911
000000005717022023143799910
000000005717022023162099911
000000006517022023154299910
000000006517022023154299911
000000007617022023155399910
000000007617022023155399911
000000007817022023163099910
000000007817022023163099911
000000007517022023163199910
000000007517022023163299911
000000006617022023163599910
000000006617022023163599911
000000007917022023163599910
000000007917022023163599911
000000006717022023163899910
000000006717022023163899911
000000063817022023173099911
000000149417022023180199910
000000149417022023180199920
000000149417022023190399921
000000149417022023190399911
000000905917022023203399910
000000905917022023203399911
000000149417022023204699910
000000149417022023204899911
