000000083627042023065899931
000000083627042023065899911
000000500727042023183299911
000000758327042023100099911
000000609927042023005399911
000000028727042023042999910
000000028727042023071199911
000000006527042023050199910
000000006527042023071999911
000000591327042023055599910
000000591327042023055599911
000000052827042023055699910
000000052827042023093399911
000000487427042023055699910
000000487427042023060399911
000000535127042023055699910
000000535127042023123099920
000000535127042023133299921
000000535127042023133299911
000000634227042023055999910
000000634227042023103899930
000000634227042023104099931
000000634227042023104099920
000000634227042023114599921
000000634227042023114599930
000000634227042023120299931
000000634227042023125999930
000000634227042023154899931
000000634227042023194499911
000000171127042023060099910
000000171127042023103599920
000000171127042023113699921
000000171127042023161899911
000000487527042023060299910
000000487527042023060299911
000000525127042023060399910
000000525127042023103699920
000000525127042023113999921
000000525127042023153999911
000000409727042023060399910
000000409727042023102499920
000000409727042023112999921
000000409727042023112999911
000000487427042023060699910
000000487427042023100099920
000000487427042023110399921
000000487427042023162099911
000000006627042023060799910
000000006627042023100899920
000000006627042023110999921
000000006627042023100899920
000000006627042023164799911
000000591327042023061499910
000000591327042023100499950
000000591327042023110699951
000000591327042023143499911
000000622227042023061999910
000000622227042023061999911
000000487527042023062099910
000000487527042023101199920
000000487527042023111199921
000000487527042023161399911
000000007827042023062199910
000000007827042023103899911
000000590927042023065699910
000000590927042023122399920
000000590927042023132499921
000000590927042023162999911
000000007427042023065699910
000000007427042023065699911
000000639127042023065799910
000000639127042023121799920
000000639127042023131899921
000000639127042023155699911
000000007627042023065799910
000000007627042023110399920
000000007627042023130599921
000000007627042023110399920
000000007627042023163799911
000000006727042023065799910
000000006727042023065799910
000000006727042023065799911
000000007927042023065799910
000000007927042023065799911
000000830927042023065799910
000000830927042023113199920
000000830927042023123299921
000000830927042023164799911
000000007027042023065799910
000000007027042023065899911
000000083627042023065899910
000000083627042023070699930
000000083627042023081299931
000000083627042023070699930
000000083627042023081299931
000000083627042023114699920
000000083627042023134899921
000000083627042023134899921
000000083627042023134899921
000000083627042023134899921
000000083627042023134899921
000000083627042023134899930
000000083627042023152599931
000000083627042023174799911
000000689227042023065899910
000000689227042023125099920
000000689227042023135099921
000000689227042023161999911
000000007527042023065899910
000000007527042023065899910
000000007527042023065899911
000000652427042023065999910
000000652427042023121399920
000000652427042023131999921
000000652427042023170799911
000000005727042023065999910
000000005727042023130299911
000000738227042023070099910
000000738227042023125399920
000000738227042023145499921
000000738227042023180899911
000000006827042023070199910
000000006827042023085099930
000000006827042023103699931
000000006827042023114999920
000000006827042023125299921
000000006827042023125299911
000000007727042023070199910
000000007727042023114499920
000000007727042023124599921
000000007727042023173099911
000000239527042023070199910
000000239527042023113899920
000000239527042023124199921
000000239527042023113899920
000000239527042023164299911
000000452827042023070999910
000000452827042023072399911
000000153327042023071799910
000000153327042023113699920
000000153327042023133699921
000000153327042023171499911
000000306827042023072099910
000000306827042023114199920
000000306827042023134199921
000000306827042023170099911
000000034527042023072599910
000000034527042023120299920
000000034527042023140299921
000000034527042023172599911
000000488727042023072699910
000000488727042023114199920
000000488727042023124299921
000000488727042023162899911
000000268927042023072699910
000000268927042023113999920
000000268927042023124099921
000000268927042023162799911
000000190527042023072799910
000000483227042023072899910
000000483227042023113199920
000000483227042023123399921
000000483227042023162899911
000000021727042023072899910
000000021727042023110199920
000000021727042023130199921
000000021727042023173199911
000000731727042023073199910
000000731727042023120699920
000000731727042023140499921
000000731727042023175099911
000000343227042023073199910
000000343227042023114399920
000000343227042023134399921
000000343227042023174499911
000000006527042023073499910
000000006527042023112499920
000000006527042023122699921
000000006527042023153299911
000000197427042023075099910
000000197427042023080199930
000000197427042023081199931
000000197427042023084599930
000000197427042023112399931
000000197427042023112399931
000000197427042023112399931
000000197427042023121599920
000000197427042023131799921
000000197427042023140199930
000000197427042023155899931
000000197427042023160399930
000000197427042023161299931
000000197427042023161299911
000000452827042023075099910
000000452827042023110099920
000000452827042023120199921
000000452827042023170599911
000000266427042023075099910
000000266427042023121499920
000000266427042023132599921
000000266427042023172099911
000000846627042023075199910
000000846627042023114099920
000000846627042023134399921
000000846627042023172299911
000000631827042023075599910
000000631827042023075599930
000000631827042023082899931
000000631827042023115999920
000000631827042023125999921
000000631827042023130099930
000000631827042023130999931
000000631827042023140299930
000000631827042023165699931
000000631827042023165999911
000000292627042023075699910
000000292627042023080299911
000000416227042023075699910
000000416227042023123399920
000000416227042023133599921
000000063827042023075699910
000000063827042023121799920
000000063827042023131999921
000000063827042023121799920
000000063827042023121799920
000000063827042023173099911
000000030627042023075799910
000000030627042023075799911
000000299127042023075899910
000000299127042023124299920
000000299127042023134399921
000000299127042023170299911
000000210627042023075999910
000000210627042023123899920
000000210627042023141099921
000000210627042023175199911
000000736127042023080099910
000000736127042023121699920
000000736127042023131699921
000000736127042023170799911
000000302627042023080099910
000000408927042023080099910
000000408927042023141699920
000000408927042023161699921
000000906327042023080199910
000000906327042023124399920
000000906327042023134399921
000000906327042023170099911
000000767527042023080499910
000000767527042023122099920
000000767527042023132199921
000000767527042023170299911
000000292127042023080699910
000000292127042023141999920
000000292127042023152099921
000000292127042023171199911
000000030627042023080699911
000000030627042023080699910
000000030627042023140299911
000000742527042023080899910
000000742527042023125599920
000000742527042023140499921
000000742527042023171199911
000000292627042023083399910
000000292627042023091699930
000000292627042023103499931
000000292627042023105699930
000000292627042023115899931
000000292627042023115899920
000000292627042023125999921
000000292627042023134699911
000000746727042023085099910
000000746727042023130499920
000000746727042023143499921
000000746727042023163099911
000000890127042023085799910
000000890127042023123499920
000000890127042023133999921
000000890127042023182099911
000000694027042023090199910
000000694027042023120799920
000000694027042023131499921
000000694027042023180399911
000000052827042023093999910
000000052827042023113499920
000000052827042023123699921
000000052827042023160399911
000000859027042023095099910
000000859027042023145999911
000000758327042023100099910
000000758327042023142399911
000000500727042023100999910
000000500727042023100999911
000000007827042023104199910
000000007827042023104199920
000000007827042023114299921
000000007827042023154999911
000000634127042023104299910
000000634127042023104299920
000000634127042023114399921
000000634127042023114399911
000000622227042023104399910
000000622227042023114499920
000000622227042023124799921
000000006727042023104499910
000000006727042023104499920
000000006727042023114499921
000000006727042023114499911
000000007027042023105599910
000000007027042023105599920
000000007027042023125999921
000000007027042023125999921
000000007027042023125999921
000000007027042023125999911
000000414427042023105699910
000000414427042023144299920
000000414427042023154399921
000000414427042023194499911
000000007427042023105799910
000000007427042023105799910
000000007427042023105799920
000000007427042023125799921
000000764127042023105899910
000000764127042023141499920
000000764127042023151599921
000000764127042023194299911
000000007527042023110099910
000000007527042023110099920
000000007527042023130199921
000000007527042023130199911
000000007927042023110199910
000000007927042023110199920
000000007927042023130199921
000000007927042023130199911
000000883727042023111599910
000000883727042023142799920
000000883727042023152999921
000000883727042023192099911
000000634127042023114499910
000000634127042023123399911
000000409727042023114899910
000000409727042023143899911
000000609927042023115599910
000000609927042023115699911
000000007427042023125799911
000000007427042023125799911
000000007427042023125799911
000000190527042023133199910
000000190527042023173299911
000000028727042023083199920
000000028727042023093499921
000000028727042023122899930
000000028727042023133299911
000000535127042023133999910
000000535127042023150999911
000000030627042023141199910
000000030627042023141199920
000000030627042023151299921
000000500727042023141799910
000000500727042023141799920
000000591327042023144699910
000000591327042023182999911
000000634127042023144899910
000000634127042023153099911
000000622227042023150499910
000000622227042023154399911
000000030627042023151999910
000000030627042023185899911
000000006727042023154499910
000000006727042023154499911
000000006827042023155799911
000000006827042023155799911
000000197427042023162399910
000000197427042023165799911
000000007427042023163099910
000000007427042023163099911
000000007427042023163099911
000000007027042023163099910
000000007027042023163099911
000000007927042023163299910
000000007927042023163299911
000000007527042023163399910
000000007527042023163399911
000000005727042023163699910
000000005727042023163699911
000000292627042023165699910
000000292627042023172799911
000000197427042023165899910
000000197427042023165899911
000000609927042023180899910
000000609927042023180999911
000000758327042023194999910
000000758327042023194999911
