000000027303022023051099901
000000027303022023055799905
000000027303022023101899906
000000027303022023115599903
000000027303022023121499904
000000027303022023121499902
000000040103022023053399901
000000040103022023132199903
000000040103022023140999904
000000040103022023184099905
000000040103022023184199906
000000040103022023184199902
000000042103022023053999901
000000042103022023063399905
000000042103022023083699906
000000042103022023090099905
000000042103022023101299906
000000042103022023105599905
000000042103022023105999906
000000042103022023105999903
000000042103022023124299904
000000042103022023153199902
000000036603022023054299901
000000036603022023094599905
000000036603022023105999906
000000036603022023111499903
000000036603022023123999904
000000036603022023123999902
000000044903022023054899901
000000044903022023094699905
000000044903022023100699906
000000044903022023131599903
000000044903022023144299904
000000044903022023144299905
000000044903022023151199906
000000044903022023173199905
000000044903022023184299906
000000044903022023210099902
000000006103022023055399901
000000006103022023064199905
000000006103022023065099906
000000006103022023101599905
000000006103022023110699906
000000006103022023110699903
000000006103022023122099904
000000006103022023122099905
000000006103022023130099906
000000006103022023180599902
000000024203022023060299901
000000024203022023060399905
000000024203022023084499906
000000024203022023092099905
000000024203022023095299906
000000024203022023100899905
000000024203022023111199906
000000024203022023111199903
000000024203022023133199904
000000024203022023133799905
000000024203022023170399906
000000024203022023194899902
000000034203022023060599901
000000034203022023062499905
000000034203022023115499906
000000034203022023115499903
000000034203022023125899904
000000034203022023134599905
000000034203022023193699906
000000034203022023205599902
000000009303022023061999901
000000009303022023071899905
000000009303022023081599906
000000009303022023082399905
000000009303022023090699906
000000009303022023095899905
000000009303022023104999906
000000009303022023105599905
000000009303022023112599906
000000009303022023124299903
000000009303022023133799904
000000009303022023144499905
000000009303022023151999906
000000009303022023152899905
000000009303022023160599906
000000009303022023163899905
000000009303022023164799906
000000009303022023165799905
000000009303022023170299906
000000009303022023171299905
000000009303022023172799906
000000009303022023173399905
000000009303022023174699906
000000009303022023181299905
000000009303022023182799906
000000009303022023182799902
000000033303022023062399901
000000033303022023062399905
000000033303022023090899906
000000033303022023121299903
000000033303022023130299904
000000033303022023154299902
000000047303022023062399901
000000047303022023062399905
000000047303022023071399906
000000047303022023075899905
000000047303022023080799906
000000047303022023082499905
000000047303022023091999906
000000047303022023122399903
000000047303022023131199904
000000047303022023131599905
000000047303022023134199906
000000047303022023155599902
000000006903022023064799901
000000006903022023075799905
000000006903022023082099906
000000006903022023084499905
000000006903022023090399906
000000006903022023090899905
000000006903022023100699906
000000006903022023101299905
000000006903022023122399906
000000006903022023125399903
000000006903022023141499904
000000006903022023142599905
000000006903022023143999906
000000006903022023144399905
000000006903022023150499906
000000006903022023152799905
000000006903022023155699906
000000006903022023160499905
000000006903022023161699906
000000006903022023165499905
000000006903022023181399906
000000006903022023184199902
000000005903022023070599901
000000005903022023070599905
000000005903022023102199906
000000005903022023103099905
000000005903022023110399906
000000005903022023110499903
000000005903022023134499904
000000005903022023134499905
000000005903022023160299906
000000005903022023161599905
000000005903022023170299906
000000005903022023172699905
000000005903022023181299906
000000005903022023182499905
000000005903022023184799906
000000005903022023205699905
000000005903022023211599906
000000005903022023234899902
