000000028708052023042999910
000000028708052023070099911
000000006708052023045999910
000000006708052023045999911
000000007708052023050199910
000000007708052023112899920
000000007708052023123199921
000000007708052023154699911
000000007308052023052199910
000000007308052023071499911
000000007608052023052999910
000000007608052023052999911
000000007608052023052999910
000000007608052023110099920
000000007608052023120399921
000000007608052023145199911
000000609908052023055599910
000000609908052023090599911
000000007408052023055699910
000000007408052023105599920
000000007408052023125599921
000000007408052023125599911
000000007008052023055999910
000000007008052023094699920
000000007008052023105199921
000000007008052023105199911
000000171108052023060299910
000000171108052023102299920
000000171108052023112399921
000000171108052023151199911
000000296408052023060299910
000000296408052023100499920
000000296408052023110599921
000000296408052023161399911
000000487408052023060399910
000000487408052023060999911
000000652408052023060399910
000000652408052023102599920
000000652408052023112799921
000000652408052023150499911
000000409708052023060699910
000000409708052023060699911
000000300908052023060799910
000000300908052023095999920
000000300908052023164399911
000000622208052023060999910
000000622208052023132099920
000000622208052023142999921
000000622208052023181299911
000000409708052023061299910
000000409708052023100099920
000000409708052023111199921
000000409708052023111199911
000000487408052023062099910
000000487408052023102899920
000000487408052023113099921
000000487408052023162099911
000000006608052023062599910
000000006808052023062899910
000000006808052023080699930
000000006808052023104299931
000000006808052023105999920
000000006808052023130299921
000000006808052023130299911
000000634208052023063299910
000000634208052023100199930
000000634208052023100199931
000000634208052023100299920
000000634208052023140799931
000000634208052023164699911
000000452808052023065599910
000000452808052023113199911
000000639108052023065599910
000000639108052023065599911
000000758308052023065699910
000000758308052023121499920
000000758308052023131699921
000000758308052023172799911
000000007508052023065899910
000000007508052023065899911
000000007808052023065899910
000000007808052023065899911
000000590908052023065899910
000000590908052023120699920
000000590908052023130799921
000000590908052023151599911
000000591308052023065999910
000000591308052023122599920
000000591308052023132799921
000000591308052023173699911
000000500708052023065999910
000000500708052023075999911
000000007908052023070099910
000000007908052023070099911
000000689208052023070099910
000000689208052023120399920
000000689208052023130399921
000000689208052023171999911
000000083608052023070099910
000000083608052023070499930
000000083608052023092199931
000000083608052023132399920
000000083608052023152699921
000000083608052023152699921
000000083608052023171499911
000000005708052023070199910
000000005708052023114399920
000000005708052023124699921
000000005708052023133299911
000000742508052023070399910
000000742508052023114499920
000000742508052023124599921
000000742508052023170499911
000000731508052023070599910
000000731508052023112299920
000000731508052023122399921
000000731508052023152299911
000000028708052023070899910
000000028708052023071799930
000000028708052023084799931
000000028708052023084899920
000000028708052023095099921
000000028708052023125399930
000000028708052023130899931
000000028708052023134399911
000000239508052023071299910
000000239508052023105999920
000000239508052023120099921
000000239508052023164699911
000000306808052023071499910
000000306808052023110199920
000000306808052023130199921
000000306808052023173099911
000000029008052023071599910
000000029008052023111599920
000000029008052023131499921
000000153308052023071699910
000000153308052023110099920
000000153308052023130199921
000000153308052023171699911
000000007808052023071699910
000000007808052023111799920
000000007808052023121899921
000000007808052023173099911
000000731708052023072599910
000000731708052023120299920
000000731708052023140299921
000000731708052023174999911
000000190508052023072699910
000000190508052023130599921
000000190508052023180099911
000000021708052023072699910
000000021708052023113099920
000000021708052023133099921
000000021708052023174499911
000000268908052023072799910
000000268908052023114799920
000000268908052023124899921
000000268908052023163099911
000000488708052023072899910
000000488708052023114899920
000000488708052023124999921
000000488708052023174999911
000000052808052023072899910
000000052808052023115099920
000000052808052023125299921
000000052808052023163099911
000000535108052023072999910
000000535108052023072999911
000000905908052023073099910
000000905908052023073099911
000000005708052023073199910
000000034508052023073299910
000000034508052023113499920
000000034508052023133499921
000000034508052023173299911
000000126408052023073699910
000000126408052023073699930
000000126408052023080399931
000000126408052023114199920
000000126408052023124299921
000000126408052023171099940
000000126408052023172699941
000000126408052023181099911
000000266408052023075199910
000000266408052023121199920
000000266408052023132199921
000000266408052023180699911
000000416208052023075599910
000000416208052023075599930
000000416208052023091199931
000000416208052023123599920
000000416208052023143699921
000000416208052023190799911
000000631808052023075599910
000000631808052023075599930
000000631808052023114499931
000000631808052023115999920
000000631808052023130099921
000000631808052023130099930
000000631808052023165599931
000000631808052023165799911
000000197408052023075599910
000000197408052023075699930
000000197408052023080699931
000000197408052023081999930
000000197408052023083899931
000000197408052023084499930
000000197408052023084899931
000000197408052023085199930
000000197408052023120199931
000000197408052023120199920
000000197408052023130299921
000000197408052023142699930
000000767508052023075799910
000000767508052023120299920
000000767508052023130499921
000000767508052023130499921
000000767508052023171099911
000000695208052023075799910
000000695208052023120099920
000000695208052023130299921
000000695208052023171299911
000000210608052023075899910
000000210608052023124199920
000000210608052023134699921
000000210608052023170099911
000000030608052023075899910
000000030608052023075899911
000000063808052023075999910
000000063808052023123699920
000000063808052023133899921
000000063808052023172099911
000000408908052023075999910
000000408908052023115099920
000000408908052023125199921
000000500708052023080099910
000000500708052023092099930
000000500708052023110099931
000000500708052023112999911
000000736108052023080099910
000000736108052023115199920
000000736108052023125299921
000000736108052023170299911
000000302608052023080099910
000000302608052023122099920
000000302608052023132299921
000000906308052023080099910
000000906308052023142399920
000000906308052023152499921
000000906308052023171599911
000000292608052023080099910
000000292608052023120399920
000000292608052023130299921
000000292608052023120399920
000000292608052023130499911
000000738208052023080199910
000000738208052023110199920
000000738208052023130199921
000000738208052023180699911
000000225408052023080199910
000000225408052023114099920
000000225408052023124299921
000000225408052023170299911
000000846608052023080499910
000000846608052023112199920
000000846608052023130899921
000000846608052023183299911
000000292108052023080799910
000000292108052023115199920
000000292108052023125499921
000000292108052023170699911
000000535108052023081199910
000000535108052023121999920
000000535108052023132199921
000000535108052023180399911
000000617908052023082899910
000000617908052023082899930
000000617908052023112199931
000000617908052023112199931
000000617908052023112199931
000000617908052023132399920
000000617908052023152099921
000000617908052023183899911
000000746708052023085099910
000000746708052023130399920
000000746708052023143399921
000000746708052023181199911
000000639108052023085899910
000000639108052023113299911
000000030608052023085899910
000000694008052023090199910
000000694008052023123499920
000000694008052023134099921
000000694008052023180799911
000000890108052023090299910
000000890108052023122099920
000000890108052023132099921
000000890108052023175899911
000000609908052023091799910
000000609908052023091799910
000000609908052023130799920
000000609908052023140899921
000000609908052023175499911
000000483208052023093299910
000000483208052023135499920
000000483208052023145499921
000000007308052023104799910
000000007308052023104799920
000000007308052023114999921
000000007308052023114999911
000000006708052023105299910
000000006708052023105299920
000000006708052023115299921
000000006708052023130999911
000000414408052023105599910
000000414408052023155399920
000000414408052023165599921
000000414408052023204999911
000000007908052023105999910
000000007908052023105999920
000000007908052023130099921
000000007908052023130099911
000000011008052023110099910
000000011008052023110099920
000000011008052023120299921
000000011008052023142999911
000000883708052023110299910
000000883708052023134899920
000000883708052023145099921
000000883708052023201999911
000000006608052023112099910
000000006608052023112099920
000000006608052023122199921
000000006608052023122199911
000000500708052023113599910
000000500708052023115299930
000000500708052023133299931
000000500708052023133299920
000000500708052023143499921
000000452808052023113799910
000000452808052023122999920
000000452808052023133199921
000000452808052023163499911
000000634108052023115599910
000000634108052023171799920
000000634108052023181899921
000000634108052023205599911
000000007508052023120499910
000000007508052023120499920
000000007508052023130499921
000000007508052023130499911
000000030608052023122099910
000000030608052023122099920
000000030608052023132199921
000000030608052023164899911
000000149408052023125999910
000000149408052023125999911
000000006708052023134699910
000000006708052023134699911
000000007008052023142999910
000000007008052023142999911
000000007308052023143799910
000000007308052023143799911
000000007408052023154199910
000000007408052023154199911
000000005708052023154199910
000000005708052023154299911
000000006608052023154399910
000000006608052023154399911
000000409708052023154399910
000000409708052023154399911
000000409708052023154399910
000000409708052023154499911
000000905908052023162499910
000000905908052023162499911
000000030608052023165499910
000000030608052023165799911
000000292608052023165499910
000000292608052023165999911
000000007508052023171299910
000000007508052023171299911
000000007908052023171499910
000000007908052023171499911
000000149408052023183199910
000000149408052023183199920
000000149408052023193599921
000000149408052023193899911
000000149408052023213899910
000000149408052023214099911
