000000007618042023071599911
000000006518042023050199910
000000006518042023072799911
000000006618042023053599910
000000006618042023101699920
000000006618042023111799921
000000006618042023163299911
000000609918042023055599910
000000609918042023111299920
000000171118042023055699910
000000171118042023055799911
000000525118042023055699910
000000525118042023055799911
000000487418042023055799910
000000487418042023162199911
000000409718042023060299910
000000409718042023104599920
000000409718042023115399921
000000409718042023125499930
000000409718042023161099931
000000409718042023161499911
000000487518042023060299910
000000487518042023095999920
000000487518042023110199921
000000487518042023174199911
000000634218042023060599910
000000634218042023090499930
000000634218042023101699931
000000634218042023101699920
000000634218042023113699921
000000634218042023113699921
000000634218042023113699921
000000634218042023113699930
000000634218042023120299931
000000634218042023120299931
000000634218042023145999911
000000171118042023061399910
000000171118042023100099920
000000171118042023110299921
000000171118042023141999911
000000525118042023061599910
000000525118042023114799920
000000525118042023124999921
000000525118042023145299911
000000006818042023061999910
000000006818042023112299920
000000006818042023122399921
000000006718042023062199910
000000006718042023073999930
000000006718042023111299931
000000006718042023111299920
000000006718042023121399921
000000006718042023165599911
000000452818042023065599910
000000452818042023111799920
000000452818042023122999921
000000452818042023154999911
000000634118042023065599910
000000634118042023112599920
000000634118042023122799921
000000634118042023164099911
000000083618042023065599910
000000083618042023070099930
000000083618042023113199931
000000083618042023113199931
000000083618042023123899920
000000083618042023144099921
000000083618042023170199911
000000591318042023065599910
000000591318042023114099920
000000591318042023124299921
000000591318042023150899911
000000639118042023065599910
000000639118042023122899920
000000639118042023133399921
000000639118042023155299911
000000590918042023065599910
000000590918042023115999920
000000590918042023130199921
000000830918042023065599910
000000830918042023123599920
000000830918042023133799921
000000830918042023153099911
000000689218042023065699910
000000689218042023122099920
000000689218042023132099921
000000689218042023153099911
000000007418042023065799910
000000007418042023111699920
000000007418042023121899921
000000007418042023121899911
000000007318042023065899910
000000007318042023114699920
000000007318042023124899921
000000007318042023172999911
000000007518042023065899910
000000007518042023065899911
000000007018042023065999910
000000007018042023065999911
000000007718042023065999910
000000007718042023113099920
000000007718042023133399921
000000007718042023145799911
000000622218042023065999910
000000622218042023065999911
000000005718042023065999910
000000005718042023105999920
000000005718042023130099921
000000005718042023130099911
000000007818042023070099910
000000007818042023070099911
000000007618042023070199910
000000007618042023070199911
000000007918042023070299910
000000007918042023070299911
000000239518042023070899910
000000239518042023114699920
000000239518042023124899921
000000239518042023155599911
000000306818042023071099910
000000306818042023115199920
000000306818042023135199921
000000306818042023171899911
000000153318042023071799910
000000153318042023112499920
000000153318042023132599921
000000153318042023155799930
000000153318042023162099931
000000153318042023162099931
000000153318042023171199911
000000622218042023072399910
000000622218042023123999920
000000622218042023134399921
000000731718042023072499910
000000731718042023120199920
000000731718042023140099921
000000731718042023173899911
000000034518042023072599910
000000034518042023112099920
000000034518042023132099921
000000034518042023172599911
000000488718042023072799910
000000488718042023113899920
000000488718042023123999921
000000488718042023162699911
000000190518042023072899910
000000190518042023111099920
000000190518042023131199921
000000190518042023173199911
000000268918042023072899910
000000268918042023121399920
000000268918042023131599921
000000268918042023164699911
000000021718042023072999910
000000021718042023110099920
000000021718042023130099921
000000021718042023173099911
000000483218042023072999910
000000483218042023114399920
000000483218042023124399921
000000483218042023162899911
000000052818042023072999910
000000052818042023113299920
000000052818042023123499921
000000052818042023163099911
000000652418042023073099910
000000652418042023122699920
000000652418042023132899921
000000652418042023155799911
000000266418042023075099910
000000266418042023120199920
000000266418042023131399921
000000266418042023170299911
000000631818042023075599910
000000631818042023075599930
000000631818042023081099931
000000631818042023121499920
000000631818042023131499921
000000631818042023170299911
000000197418042023075599910
000000197418042023075599930
000000197418042023120099931
000000197418042023120199920
000000197418042023130199921
000000197418042023130199930
000000197418042023170499931
000000197418042023170499911
000000416218042023075599910
000000416218042023075599930
000000416218042023090499931
000000416218042023123199920
000000416218042023143299921
000000416218042023175599911
000000695218042023075799910
000000695218042023080599911
000000408918042023075899910
000000408918042023121499920
000000408918042023131599921
000000408918042023171399911
000000210618042023075999910
000000210618042023110999920
000000210618042023121099921
000000210618042023170099911
000000767518042023075999910
000000767518042023121199920
000000767518042023131399921
000000767518042023170199911
000000736118042023080099910
000000736118042023120299920
000000736118042023130299921
000000736118042023170099911
000000302618042023080099910
000000302618042023120099920
000000302618042023130199921
000000292618042023080099910
000000292618042023120599920
000000292618042023130899921
000000292618042023170799911
000000738218042023080099910
000000738218042023112699920
000000738218042023132799921
000000738218042023180099911
000000846618042023080199910
000000846618042023111199920
000000846618042023130099921
000000846618042023175199911
000000906318042023080199910
000000906318042023135599920
000000906318042023150099921
000000906318042023170299911
000000030618042023080299910
000000030618042023080299911
000000299118042023080499910
000000299118042023124599920
000000299118042023134799921
000000299118042023172899911
000000292118042023080599910
000000292118042023124399920
000000292118042023134799921
000000292118042023170599911
000000742518042023081399910
000000742518042023132999920
000000742518042023143099921
000000742518042023173299911
000000343218042023081499910
000000343218042023122099920
000000343218042023145699921
000000343218042023175999911
000000617918042023082599910
000000617918042023170099911
000000063818042023083399910
000000063818042023132099920
000000063818042023142299921
000000063818042023171899911
000000746718042023085099910
000000746718042023100099930
000000746718042023104599931
000000746718042023104599931
000000746718042023130899920
000000746718042023144099921
000000746718042023181299911
000000694018042023085999910
000000694018042023120899920
000000694018042023131899921
000000694018042023180399911
000000905918042023085999910
000000905918042023142299920
000000905918042023152499921
000000905918042023152499921
000000905918042023172499911
000000535118042023090399910
000000535118042023131099920
000000535118042023172299911
000000890118042023094899910
000000890118042023125199920
000000890118042023135799921
000000890118042023180899911
000000883718042023105099910
000000883718042023141799920
000000883718042023151999921
000000883718042023190799911
000000500718042023105399910
000000500718042023112899930
000000500718042023132399931
000000500718042023135699911
000000764118042023105599910
000000764118042023143699920
000000764118042023154499921
000000764118042023201599911
000000414418042023105599910
000000414418042023145899920
000000414418042023155999921
000000414418042023200199911
000000007918042023105799910
000000007918042023105799920
000000007918042023130199921
000000007918042023130199921
000000007918042023130199921
000000007918042023130199911
000000007018042023105899910
000000007018042023105899920
000000007018042023130199921
000000007018042023130199911
000000007518042023105899910
000000007518042023105899920
000000007518042023125999921
000000007518042023125999911
000000007818042023105899910
000000007818042023105899920
000000007818042023130099921
000000007818042023130099911
000000007618042023110099910
000000007618042023110099920
000000007618042023130299921
000000007618042023130299911
000000030618042023115099910
000000030618042023115899920
000000030618042023125999921
000000030618042023174899911
000000695218042023121999910
000000695218042023121999920
000000695218042023132199921
000000695218042023160699911
000000758318042023125599910
000000758318042023125599911
000000500718042023140299910
000000500718042023143199920
000000500718042023153299921
000000500718042023154299930
000000500718042023163399931
000000500718042023190799911
000000622218042023143799910
000000622218042023170799911
000000758318042023151299910
000000758318042023151299920
000000758318042023161399921
000000758318042023161399911
000000007418042023153099910
000000007418042023153099911
000000007518042023162699910
000000007518042023162699911
000000007018042023162799910
000000007018042023162799911
000000007918042023162799910
000000007918042023162899911
000000007818042023162899910
000000007818042023162899911
000000007618042023163099910
000000005718042023163099910
000000005718042023163099911
000000758318042023214099910
000000758318042023214299911
