000000030606022023082299911
000000007506022023065799911
000000083606022023083899911
000000006706022023045899910
000000006706022023052599930
000000006706022023053499931
000000006706022023071899930
000000006706022023081599931
000000006706022023071899930
000000006706022023104299931
000000006706022023092699930
000000006706022023092999931
000000006706022023093699930
000000006706022023104299931
000000006706022023105399920
000000006706022023115499921
000000006706022023123699930
000000006706022023124799931
000000006706022023131599930
000000006706022023134199931
000000006706022023134199931
000000006706022023134199911
000000006506022023055599910
000000006506022023072099911
000000689206022023055899910
000000689206022023055899911
000000487406022023060299910
000000487406022023100099920
000000487406022023110399921
000000487406022023152199911
000000007006022023060299910
000000007006022023082099930
000000007006022023090599931
000000007006022023093899930
000000007006022023094699931
000000007006022023094699920
000000007006022023105299921
000000007006022023114899930
000000007006022023120999931
000000007006022023135899911
000000487506022023060299910
000000487506022023060299911
000000171106022023060299910
000000171106022023110999920
000000171106022023121099921
000000171106022023162599911
000000300906022023060299910
000000300906022023060399911
000000296406022023060499910
000000296406022023060499911
000000409706022023060499910
000000409706022023093199930
000000409706022023103999931
000000409706022023114199920
000000409706022023125299921
000000409706022023125299930
000000409706022023133799931
000000409706022023161499911
000000300906022023061099910
000000300906022023100299920
000000300906022023110399921
000000296406022023061399910
000000296406022023102999911
000000006606022023062299910
000000006606022023102999911
000000487506022023062899910
000000487506022023100099920
000000487506022023110399921
000000487506022023140799911
000000005706022023062899910
000000005706022023080499911
000000007806022023065699910
000000007806022023065699911
000000007406022023065699910
000000007406022023065699911
000000634106022023065699910
000000634106022023174699911
000000590906022023065799910
000000590906022023113399920
000000590906022023123599921
000000590906022023165899911
000000007906022023065799910
000000007906022023065799911
000000639106022023065799910
000000639106022023122699920
000000639106022023132799921
000000639106022023170199911
000000452806022023065799910
000000452806022023121199920
000000452806022023131499921
000000452806022023152299911
000000006806022023065799910
000000006806022023081199930
000000006806022023094499931
000000006806022023094999930
000000006806022023103299931
000000006806022023112799911
000000239506022023065899910
000000239506022023120199920
000000239506022023130499921
000000239506022023130499921
000000239506022023130499921
000000239506022023130499921
000000239506022023130499921
000000239506022023130499921
000000239506022023130499921
000000239506022023182899911
000000007506022023065899910
000000007506022023065899911
000000652406022023065999910
000000652406022023124299920
000000652406022023134299921
000000652406022023174799911
000000007306022023065999910
000000007306022023115999920
000000007306022023130099921
000000007306022023115999920
000000007306022023173099911
000000731506022023070299910
000000731506022023111299920
000000731506022023121499921
000000731506022023171999911
000000343206022023071899910
000000343206022023124299920
000000343206022023145099921
000000343206022023172399911
000000731706022023072599910
000000731706022023120299920
000000731706022023140199921
000000731706022023172599911
000000190506022023072699910
000000190506022023110999920
000000190506022023130999921
000000190506022023172699911
000000034506022023072799910
000000034506022023115099920
000000034506022023135099921
000000034506022023173099911
000000021706022023072899910
000000021706022023113199920
000000021706022023133099921
000000021706022023173199911
000000764106022023072899910
000000764106022023171099911
000000052806022023072899910
000000052806022023120599920
000000052806022023130699921
000000052806022023163599911
000000488706022023072899910
000000488706022023113099920
000000488706022023123199921
000000488706022023165899911
000000483206022023072999910
000000483206022023113499920
000000483206022023123599921
000000483206022023162799911
000000609906022023074199910
000000609906022023114899920
000000609906022023124999921
000000609906022023180299911
000000781206022023075599910
000000781206022023121599920
000000781206022023131799921
000000781206022023165199911
000000197406022023075599910
000000197406022023075599930
000000197406022023084699931
000000197406022023085999930
000000197406022023120199931
000000197406022023120199920
000000197406022023130199921
000000197406022023130299930
000000197406022023135399931
000000197406022023140499930
000000197406022023141099931
000000197406022023144099930
000000197406022023162199931
000000197406022023164699930
000000197406022023170099931
000000197406022023170499911
000000416206022023075699910
000000416206022023075699930
000000416206022023084199931
000000416206022023122799920
000000416206022023142999921
000000416206022023183899911
000000268906022023075699910
000000268906022023120899920
000000268906022023131099921
000000268906022023173899911
000000028706022023075699910
000000028706022023084199931
000000028706022023121899920
000000028706022023132299921
000000028706022023132299930
000000028706022023133099931
000000028706022023140699930
000000028706022023162399931
000000028706022023162399911
000000846606022023075799910
000000846606022023131099920
000000846606022023150199921
000000846606022023174199911
000000689206022023075799910
000000689206022023123299920
000000689206022023133399921
000000689206022023184399911
000000408906022023075799910
000000408906022023123099920
000000408906022023133199921
000000408906022023170099911
000000292606022023075899910
000000292606022023120199920
000000292606022023130499921
000000292606022023171099911
000000030606022023075999910
000000225406022023080099910
000000225406022023123999920
000000225406022023134199921
000000225406022023170299911
000000210606022023080099910
000000210606022023111699920
000000210606022023121799921
000000210606022023170199911
000000738206022023080099910
000000738206022023111099920
000000738206022023131199921
000000738206022023180499911
000000302606022023080099910
000000302606022023121099920
000000302606022023131199921
000000302606022023170099911
000000906306022023080199910
000000906306022023111899920
000000906306022023122099921
000000906306022023173899911
000000029006022023080799910
000000029006022023121099920
000000029006022023141099921
000000029006022023180099911
000000063806022023080799910
000000063806022023135099920
000000063806022023145699921
000000063806022023170599911
000000030606022023082299910
000000030606022023125999920
000000030606022023140199921
000000030606022023151199911
000000746706022023085099910
000000746706022023131099920
000000746706022023143999921
000000746706022023181399911
000000694006022023090499910
000000694006022023142799920
000000694006022023153499921
000000694006022023180999911
000000890106022023100099910
000000890106022023145899920
000000890106022023155999921
000000890106022023190499911
000000296406022023103499910
000000296406022023103499920
000000296406022023113699921
000000006606022023103899910
000000006606022023110799920
000000006606022023120799921
000000006606022023153699911
000000859006022023105699910
000000859006022023142499920
000000859006022023152499921
000000859006022023191799911
000000905906022023105699910
000000905906022023105699911
000000883706022023105799910
000000883706022023105799910
000000883706022023144799920
000000883706022023155199921
000000414406022023105899910
000000414406022023141699911
000000007506022023105999910
000000007506022023105999920
000000007506022023130199921
000000007506022023130199911
000000006506022023105999910
000000006506022023105999920
000000006506022023130099921
000000006506022023130099911
000000007806022023105999910
000000007806022023110099920
000000007806022023130199921
000000007806022023130199911
000000007906022023110099910
000000007906022023110099920
000000007906022023130399921
000000007906022023130399911
000000007406022023110099910
000000007406022023110099920
000000007406022023130199921
000000007406022023130199911
000000011006022023110199911
000000011006022023110199910
000000011006022023110199920
000000011006022023120299921
000000011006022023143799911
000000634106022023111699910
000000634106022023111699920
000000634106022023121799921
000000634106022023121899911
000000149406022023131999910
000000149406022023132099911
000000414406022023141699910
000000414406022023141899920
000000414406022023152099921
000000414406022023200599911
000000007006022023143099910
000000007006022023143099911
000000030606022023152199910
000000030606022023191699911
000000005706022023160599910
000000005706022023173999911
000000296406022023161199910
000000296406022023161299911
000000006506022023163199910
000000006506022023163299911
000000007806022023164699910
000000007806022023164699911
000000007406022023165099910
000000007406022023165099911
000000007906022023165399910
000000007906022023165399911
000000007506022023170199910
000000007506022023170199911
000000028706022023170599910
000000028706022023170599911
000000149406022023173299910
000000149406022023173299920
000000149406022023183499921
000000149406022023183499911
000000883706022023182999911
000000149406022023215099910
000000149406022023215199911
