000000006809012023045599910
000000006809012023070799930
000000006809012023080699931
000000006809012023090099930
000000006809012023105299931
000000006809012023105299920
000000006809012023115599921
000000006809012023132899911
000000006609012023052199910
000000006609012023110199920
000000006609012023120199921
000000006609012023153699911
000000300909012023060899910
000000300909012023101299920
000000300909012023111399921
000000300909012023144099911
000000171109012023060899910
000000171109012023100099920
000000171109012023110299921
000000171109012023152599911
000000500709012023061099910
000000500709012023093199930
000000500709012023105699931
000000500709012023105699920
000000500709012023120099921
000000500709012023151499911
000000409709012023061199910
000000409709012023095099920
000000409709012023105399921
000000409709012023105399911
000000487509012023061499910
000000487509012023114599920
000000487509012023124999921
000000487509012023155699911
000000634209012023061599910
000000634209012023092399930
000000634209012023105199931
000000634209012023105199920
000000634209012023115299921
000000634209012023115299930
000000634209012023141099931
000000634209012023141099931
000000634209012023141099931
000000634209012023173499911
000000005709012023062499910
000000005709012023102599911
000000590909012023065699910
000000590909012023120899920
000000590909012023131099921
000000590909012023145999911
000000007409012023065899910
000000007409012023111899920
000000007409012023131999921
000000007409012023142599911
000000591309012023065899910
000000591309012023124399920
000000591309012023134699921
000000591309012023150899911
000000830909012023065999910
000000830909012023123599920
000000830909012023133699921
000000830909012023152399911
000000007709012023065999910
000000007709012023113199920
000000007709012023123399921
000000007709012023173099911
000000006509012023065999910
000000006509012023065999911
000000006709012023065999910
000000006709012023065999911
000000007909012023065999910
000000007909012023065999911
000000007809012023065999910
000000007809012023065999911
000000007009012023070099910
000000007009012023070099911
000000487409012023070099910
000000487409012023110299920
000000487409012023120499921
000000487409012023120599911
000000652409012023070099910
000000652409012023130199911
000000007509012023070099910
000000007509012023070099911
000000639109012023070199910
000000639109012023070199911
000000731509012023070399910
000000731509012023115199920
000000731509012023125299921
000000731509012023162599911
000000153309012023071599910
000000153309012023110099920
000000153309012023130199921
000000153309012023171299911
000000306809012023072099910
000000306809012023120699920
000000306809012023140699921
000000306809012023171399911
000000009109012023072399910
000000009109012023105799920
000000009109012023130199921
000000009109012023172999911
000000034509012023072599910
000000034509012023112499920
000000034509012023132499921
000000034509012023172599911
000000190509012023072899910
000000190509012023113199920
000000190509012023133099921
000000190509012023174299911
000000488709012023072999910
000000488709012023114399920
000000488709012023124499921
000000488709012023162999911
000000052809012023072999910
000000052809012023120999920
000000052809012023131199921
000000052809012023163099911
000000535109012023073099910
000000535109012023114899920
000000535109012023125399921
000000535109012023171399911
000000622209012023074799910
000000622209012023114499920
000000622209012023124599921
000000622209012023173999911
000000266409012023075299910
000000266409012023120199920
000000266409012023131299921
000000266409012023170199911
000000846609012023075499910
000000846609012023121299920
000000846609012023140899921
000000846609012023175499911
000000197409012023075599910
000000197409012023075599930
000000197409012023081499931
000000197409012023082799930
000000197409012023083999931
000000197409012023083999931
000000197409012023085099930
000000197409012023090099931
000000197409012023092899930
000000197409012023094299931
000000197409012023094599930
000000197409012023100199931
000000197409012023100199931
000000197409012023100399930
000000197409012023100999931
000000197409012023101599930
000000197409012023102299931
000000197409012023103599930
000000197409012023104299931
000000197409012023104299931
000000197409012023104499930
000000197409012023104799931
000000197409012023105099930
000000197409012023105599931
000000197409012023110199930
000000197409012023111299931
000000197409012023111899930
000000197409012023112499931
000000197409012023113499930
000000197409012023115399931
000000197409012023115399931
000000197409012023115399931
000000197409012023120899920
000000197409012023131099921
000000197409012023132899930
000000197409012023133799931
000000197409012023133799931
000000197409012023133999930
000000197409012023135399931
000000197409012023145799930
000000197409012023150999931
000000197409012023151299930
000000631809012023075599910
000000631809012023075599930
000000631809012023081099931
000000631809012023125499920
000000631809012023135699921
000000631809012023180299911
000000416209012023075599910
000000416209012023075599930
000000416209012023092799931
000000416209012023120999920
000000416209012023141199921
000000416209012023144199930
000000416209012023150699931
000000781209012023075699910
000000781209012023134099920
000000781209012023144999921
000000781209012023163499911
000000028709012023075699910
000000028709012023123299920
000000028709012023133699921
000000028709012023161999911
000000483209012023075899910
000000483209012023113399920
000000483209012023123499921
000000483209012023164699911
000000210609012023075899910
000000210609012023114399920
000000210609012023124499921
000000210609012023190299911
000000738209012023080099910
000000738209012023110099920
000000738209012023130099921
000000738209012023180099911
000000063809012023080099910
000000063809012023124899920
000000063809012023135099921
000000063809012023172799911
000000906309012023080099910
000000906309012023130099920
000000906309012023140199921
000000906309012023170099911
000000302609012023080099910
000000302609012023121199920
000000302609012023131299921
000000302609012023170099911
000000292609012023080499910
000000292609012023080499911
000000030609012023080599910
000000030609012023080599911
000000292109012023080699910
000000292109012023122399920
000000292109012023132599921
000000292109012023170699911
000000029009012023080899910
000000029009012023121099920
000000029009012023141099921
000000029009012023180399911
000000225409012023081199910
000000225409012023120599940
000000225409012023130799941
000000225409012023130999920
000000225409012023141099921
000000225409012023171299911
000000083609012023081599910
000000083609012023163899911
000000030609012023083399910
000000030609012023132399920
000000030609012023142599921
000000030609012023172599911
000000746709012023085199910
000000746709012023113499920
000000746709012023130599921
000000746709012023181499911
000000694009012023085999910
000000694009012023134399920
000000694009012023145299921
000000694009012023172999911
000000890109012023090099910
000000890109012023115199920
000000890109012023125599921
000000890109012023173899911
000000764109012023095799910
000000764109012023133299920
000000764109012023143399921
000000764109012023182299911
000000905909012023095999910
000000905909012023095999911
000000005709012023103599910
000000005709012023103699920
000000005709012023113699921
000000005709012023152699911
000000006509012023105699910
000000006509012023105699920
000000006509012023130099921
000000006509012023130099911
000000414409012023105699910
000000414409012023144299920
000000414409012023154299921
000000414409012023191599911
000000859009012023105799910
000000859009012023135599920
000000859009012023150799921
000000859009012023191799911
000000007009012023105799910
000000007009012023105799920
000000007009012023125899921
000000007009012023125899911
000000007809012023105899910
000000007809012023105899920
000000007809012023130199921
000000007809012023130199911
000000007909012023105899910
000000007909012023105899920
000000007909012023130099921
000000007909012023130099911
000000007509012023105899910
000000007509012023105899920
000000007509012023130399921
000000007509012023130399911
000000409709012023110799910
000000409709012023121299911
000000292609012023111499910
000000292609012023120099920
000000292609012023130199921
000000292609012023184299911
000000006709012023114299910
000000006709012023114299920
000000006709012023124399921
000000006709012023124399911
000000758309012023115799910
000000758309012023175599920
000000758309012023185599921
000000758309012023204199911
000000409709012023121799910
000000409709012023154099911
000000487409012023122199910
000000149409012023131599910
000000149409012023131699911
000000652409012023132399910
000000652409012023132399920
000000652409012023142699921
000000652409012023154899911
000000007809012023153699910
000000007809012023153699911
000000006509012023154799910
000000006509012023154799911
000000007409012023162899910
000000007409012023162899911
000000007509012023163099910
000000007509012023163099911
000000006709012023163199910
000000006709012023163199911
000000007009012023163299910
000000007009012023163299911
000000028709012023163499910
000000028709012023175199911
000000007909012023164499910
000000007909012023164499911
000000639109012023174399910
000000639109012023174399911
000000149409012023181199910
000000149409012023181199920
000000149409012023191299921
000000149409012023191399911
000000905909012023202999910
000000905909012023202999911
000000149409012023214399910
000000149409012023214499911
000000452809012023110999920
000000452809012023121299921
