000000028704052023042999910
000000028704052023072199911
000000006804052023050199910
000000006804052023095199930
000000006804052023104699931
000000006804052023105899920
000000006804052023120099921
000000006804052023144699911
000000007004052023053499910
000000007004052023070799911
000000609904052023055599910
000000609904052023110099920
000000609904052023120199921
000000609904052023150099911
000000171104052023055799910
000000171104052023100099920
000000171104052023110199921
000000171104052023163199911
000000409704052023055899910
000000409704052023055899911
000000535104052023055899910
000000535104052023130599911
000000487404052023055999910
000000487404052023062199911
000000011004052023060099910
000000011004052023070899911
000000296404052023060099910
000000296404052023100199920
000000296404052023110499921
000000296404052023144999911
000000525104052023060399910
000000525104052023101899920
000000525104052023112499921
000000525104052023145499911
000000487504052023060899910
000000487504052023121699920
000000487504052023131799921
000000487504052023175399911
000000300904052023061099910
000000300904052023100699920
000000300904052023110799921
000000300904052023184899911
000000634204052023061199910
000000634204052023061199911
000000409704052023061999910
000000409704052023075499930
000000409704052023101199931
000000409704052023101199931
000000409704052023101199920
000000409704052023111699921
000000409704052023111699930
000000409704052023141599931
000000409704052023153799911
000000634204052023061999910
000000634204052023063699930
000000634204052023072799931
000000634204052023072799931
000000634204052023103799920
000000634204052023114199921
000000634204052023114199930
000000634204052023152999931
000000622204052023062799910
000000622204052023100399920
000000622204052023110599921
000000622204052023152599911
000000487404052023063399910
000000487404052023104099920
000000487404052023114299921
000000487404052023160499911
000000452804052023065599910
000000083604052023065599910
000000083604052023070099930
000000083604052023094799931
000000083604052023140699920
000000083604052023160799921
000000083604052023170399911
000000006704052023065599910
000000006704052023065599930
000000006704052023070999931
000000006704052023084599930
000000006704052023103799931
000000006704052023111599920
000000006704052023131599921
000000006704052023141899911
000000591304052023065599910
000000591304052023120399920
000000591304052023130499921
000000591304052023140299911
000000830904052023065599910
000000830904052023125899920
000000830904052023135999921
000000830904052023151199911
000000007404052023065699910
000000007404052023065699911
000000590904052023065699910
000000590904052023120699920
000000590904052023125799921
000000590904052023125799921
000000590904052023155599911
000000731504052023065699910
000000731504052023113999920
000000731504052023124399921
000000731504052023153999911
000000758304052023065699910
000000758304052023121799920
000000758304052023131899921
000000758304052023161099911
000000007504052023065699910
000000007504052023065699911
000000007304052023065699910
000000007304052023113099920
000000007304052023123199921
000000007304052023173199911
000000007604052023065699910
000000007604052023065699911
000000689204052023065699910
000000689204052023124099920
000000689204052023134199921
000000689204052023150299911
000000007904052023065799910
000000007904052023065799911
000000005704052023065899910
000000005704052023065899911
000000639104052023065999910
000000639104052023115199920
000000639104052023125499921
000000639104052023161999911
000000239504052023071299910
000000239504052023113099920
000000239504052023123199921
000000239504052023113099920
000000239504052023164399911
000000007004052023071599910
000000007004052023092899911
000000011004052023071599910
000000011004052023110099920
000000011004052023120299921
000000011004052023162499911
000000306804052023072099910
000000306804052023124199920
000000306804052023144199921
000000306804052023172699911
000000488704052023072699910
000000488704052023114599920
000000488704052023124799921
000000488704052023182199911
000000052804052023072699910
000000052804052023114599920
000000052804052023124799921
000000052804052023163799911
000000034504052023072699910
000000034504052023114999920
000000034504052023134999921
000000034504052023180099911
000000268904052023072699910
000000268904052023115199920
000000268904052023125299921
000000268904052023164099911
000000483204052023072799910
000000483204052023113099920
000000483204052023123299921
000000483204052023175099911
000000021704052023072799910
000000021704052023110199920
000000021704052023130199921
000000021704052023174499911
000000731704052023073099910
000000731704052023120199920
000000731704052023140299921
000000731704052023173199911
000000190504052023073299910
000000190504052023115099920
000000190504052023135099921
000000190504052023174499911
000000126404052023073599910
000000126404052023073599930
000000126404052023110999931
000000126404052023115699920
000000126404052023125699921
000000126404052023153999930
000000126404052023155699931
000000126404052023163199911
000000007804052023073599910
000000007804052023111399920
000000007804052023121499921
000000007804052023153199911
000000846604052023074699910
000000846604052023114399920
000000846604052023132299921
000000846604052023180599911
000000266404052023075199910
000000266404052023122899920
000000266404052023133999921
000000266404052023170299911
000000631804052023075599910
000000631804052023075599930
000000631804052023081199931
000000631804052023120899920
000000631804052023130999921
000000631804052023165999911
000000197404052023075599910
000000197404052023075599930
000000197404052023081799931
000000197404052023082999930
000000197404052023093599931
000000197404052023093599931
000000197404052023105099930
000000197404052023120099931
000000197404052023120099920
000000197404052023130199921
000000197404052023130199930
000000197404052023165799931
000000197404052023165799911
000000695204052023075599910
000000695204052023120299920
000000695204052023130399921
000000695204052023120299920
000000695204052023130399921
000000695204052023120299920
000000695204052023120299920
000000695204052023120299920
000000695204052023160799911
000000416204052023075599910
000000416204052023075699930
000000416204052023084799931
000000416204052023091699930
000000416204052023094299931
000000416204052023125599920
000000416204052023135699921
000000416204052023164399911
000000063804052023075799910
000000063804052023130899920
000000063804052023141199921
000000063804052023171499911
000000408904052023075799910
000000408904052023122899920
000000408904052023132999921
000000210604052023075899910
000000210604052023114199920
000000210604052023124299921
000000210604052023170999911
000000225404052023075999910
000000225404052023123099920
000000225404052023133399921
000000225404052023175899911
000000736104052023080099910
000000736104052023120099920
000000736104052023130099921
000000736104052023170899911
000000906304052023080099910
000000906304052023134999920
000000906304052023144999921
000000906304052023174099911
000000738204052023080099910
000000738204052023131699920
000000738204052023151799921
000000738204052023180099911
000000030604052023080299910
000000030604052023080299911
000000292604052023080299910
000000292604052023080299911
000000767504052023080299910
000000767504052023135799921
000000767504052023170199911
000000292604052023080399910
000000292604052023080399911
000000292104052023080999910
000000292104052023120899920
000000292104052023131099921
000000292104052023171199911
000000742504052023081199910
000000742504052023125099920
000000742504052023135399921
000000742504052023173999911
000000030604052023083099910
000000030604052023113599911
000000617904052023084799910
000000617904052023113699931
000000617904052023131599920
000000617904052023144099921
000000617904052023144099921
000000617904052023144099921
000000617904052023175499911
000000890104052023085599910
000000890104052023123799920
000000890104052023133999921
000000890104052023183199911
000000746704052023085599910
000000746704052023123299920
000000746704052023140599921
000000746704052023184199911
000000694004052023090499910
000000694004052023122099920
000000694004052023132799921
000000694004052023180299911
000000634104052023095599910
000000634104052023095699911
000000905904052023105399910
000000905904052023105399911
000000883704052023105399910
000000883704052023134899920
000000883704052023212399911
000000007404052023105799910
000000007404052023105799920
000000007404052023125899921
000000007404052023125899911
000000764104052023105799910
000000764104052023141699920
000000764104052023151999921
000000764104052023200199911
000000007004052023105899910
000000007004052023105899920
000000007004052023131399921
000000007004052023131399911
000000007504052023105999910
000000007504052023105999920
000000007504052023130299921
000000007504052023130299911
000000007904052023105999910
000000007904052023105999920
000000007904052023130099921
000000007904052023130099911
000000007604052023110299910
000000007604052023110299920
000000007604052023130399921
000000007604052023130399911
000000452804052023110899910
000000452804052023110899920
000000452804052023121499921
000000452804052023145699911
000000030604052023121299910
000000030604052023121299920
000000030604052023131399921
000000030604052023170599911
000000292604052023121799910
000000292604052023122099920
000000292604052023132399921
000000292604052023170499911
000000149404052023122599910
000000149404052023122599911
000000905904052023133499910
000000905904052023161399920
000000905904052023171399921
000000905904052023210099911
000000535104052023150699911
000000535104052023150699911
000000535104052023150699911
000000535104052023150699911
000000535104052023150699911
000000535104052023150699911
000000535104052023150699911
000000535104052023150699911
000000634104052023152399910
000000634104052023152399920
000000634104052023162499921
000000414404052023154799910
000000414404052023155399920
000000414404052023165599921
000000414404052023203599911
000000007004052023155399910
000000007004052023155399911
000000007904052023163099910
000000007904052023163099911
000000006704052023165899910
000000006704052023165899911
000000007604052023170499910
000000007604052023170499911
000000007404052023171599910
000000007404052023171599911
000000005704052023172499910
000000005704052023172499911
000000591304052023174499910
000000591304052023174599911
000000149404052023183799910
000000149404052023183799920
000000149404052023193899921
000000634104052023190299910
000000634104052023190299910
000000634104052023190299910
000000634104052023190299910
000000634104052023190299910
000000149404052023214199910
000000149404052023214199911
000000535104052023131099920
000000535104052023141499921
000000535104052023131099920
