000000007014012023050199910
000000007014012023073799930
000000007014012023094199931
000000007014012023121099911
000000007814012023051399910
000000007814012023080899911
000000609914012023055699910
000000609914012023060099911
000000300914012023060199910
000000300914012023084399911
000000500714012023060299910
000000500714012023085799930
000000500714012023102399931
000000500714012023102399920
000000500714012023112699921
000000500714012023142799911
000000609914012023062199910
000000609914012023085099911
000000590914012023065599910
000000590914012023120399920
000000590914012023130599921
000000590914012023164299911
000000830914012023065599910
000000830914012023123399920
000000830914012023133499921
000000830914012023133499921
000000830914012023153499911
000000639114012023065599910
000000639114012023132799920
000000639114012023132799920
000000639114012023162299911
000000007414012023065599910
000000007414012023105699920
000000007414012023115799921
000000007414012023115799911
000000292114012023065599910
000000292114012023112499911
000000006714012023065599910
000000006714012023065599911
000000006514012023065599910
000000006514012023065699911
000000591314012023065699910
000000591314012023065799911
000000487414012023065699910
000000487414012023120099920
000000487414012023130299921
000000007914012023065699910
000000007914012023065699911
000000005714012023065699910
000000005714012023065699911
000000006814012023065799910
000000006814012023084799930
000000006814012023100799931
000000006814012023112699911
000000007714012023065799910
000000007714012023065799911
000000007214012023065899910
000000007214012023065899911
000000007514012023065999910
000000007514012023065999911
000000689214012023070199910
000000689214012023123199911
000000452814012023070499910
000000452814012023115899920
000000452814012023130099921
000000153314012023071599910
000000153314012023122899911
000000306814012023072099910
000000306814012023110499940
000000306814012023112099941
000000306814012023131599911
000000034514012023072799910
000000034514012023131599911
000000416214012023072999910
000000416214012023080599950
000000416214012023080599911
000000009114012023072999910
000000009114012023113499911
000000846614012023074799910
000000846614012023114099940
000000846614012023115799941
000000846614012023130199911
000000266414012023075299910
000000266414012023121099911
000000525114012023075599910
000000525114012023135999911
000000631814012023075599910
000000631814012023075599930
000000631814012023080999931
000000631814012023115799911
000000029014012023075699910
000000029014012023104599940
000000029014012023110099941
000000029014012023130599911
000000028714012023075699910
000000028714012023100799930
000000028714012023115899931
000000028714012023115899931
000000028714012023120199911
000000731714012023075699910
000000210614012023075899910
000000210614012023121299911
000000030614012023075899910
000000030614012023122199911
000000292614012023075999910
000000292614012023080199911
000000738214012023080099910
000000738214012023120099911
000000225414012023080199910
000000225414012023115599911
000000063814012023080199910
000000063814012023120899911
000000302614012023080299910
000000302614012023120199911
000000190514012023080399910
000000190514012023120499911
000000416214012023080699951
000000416214012023080699911
000000591314012023080799910
000000591314012023100199911
000000083614012023082499910
000000083614012023100899911
000000300914012023085499910
000000300914012023120299911
000000781214012023085599910
000000781214012023130099940
000000781214012023131999941
000000781214012023133899911
000000890114012023085599910
000000890114012023131399920
000000890114012023160899921
000000890114012023160899911
000000609914012023090099910
000000609914012023100099911
000000694014012023090099910
000000694014012023131999911
000000652414012023090399910
000000652414012023132999911
000000758314012023090599910
000000758314012023122099911
000000746714012023091099910
000000746714012023142699911
000000905914012023095999910
000000905914012023095999911
000000197414012023101999910
000000197414012023103099930
000000006514012023104399910
000000006514012023104399920
000000006514012023114599921
000000006514012023114599911
000000859014012023105599910
000000859014012023143599920
000000859014012023153599921
000000859014012023181099911
000000005714012023105899910
000000005714012023105899920
000000005714012023115999921
000000005714012023115999911
000000414414012023105899910
000000414414012023143599920
000000414414012023153699921
000000414414012023192099911
000000007514012023105999910
000000007514012023105999920
000000007514012023120199921
000000007514012023120199911
000000007214012023105999910
000000007214012023105999920
000000007214012023120299921
000000007214012023120399911
000000006714012023105999910
000000006714012023105999920
000000006714012023120099921
000000006714012023120099911
000000591314012023110899910
000000591314012023110999911
000000007914012023113299910
000000007914012023113299920
000000007914012023123399921
000000007914012023123399911
000000731514012023115099910
000000731514012023115099920
000000731514012023125299921
000000731514012023164999911
000000764114012023115599910
000000764114012023155199911
000000292614012023115699910
000000292614012023115799911
000000906314012023123899910
000000416214012023080799920
000000416214012023081199921
000000416214012023081299930
000000416214012023092299931
000000416214012023125699911
000000149414012023132699910
000000149414012023132699911
000000006814012023134599910
000000006814012023134599911
000000007414012023135699910
000000007414012023135699911
000000007914012023135799910
000000007914012023135799911
000000005714012023135799910
000000005714012023135799911
000000006514012023135899910
000000006514012023135899911
000000007214012023135899910
000000007214012023135899911
000000006714012023142099910
000000006714012023142099911
000000905914012023150799910
000000905914012023150799911
000000149414012023174999910
000000149414012023175599911
