000000622220032023075099911
000000007920032023162899911
000000006820032023050199910
000000006820032023070799930
000000006820032023074599931
000000006820032023090399930
000000006820032023105499931
000000006820032023110499920
000000006820032023120599921
000000006820032023133099911
000000011020032023055899910
000000011020032023071699911
000000007320032023060099910
000000007320032023071899911
000000007020032023060399910
000000007020032023060499911
000000300920032023060499910
000000300920032023100299920
000000300920032023110499921
000000300920032023152099911
000000171120032023060499910
000000171120032023100199920
000000171120032023110399921
000000171120032023152499911
000000525120032023060499910
000000525120032023060599911
000000296420032023060499910
000000296420032023060899911
000000409720032023060499910
000000409720032023073199930
000000409720032023095299931
000000409720032023095299931
000000409720032023104499920
000000409720032023114699921
000000409720032023114699930
000000409720032023120499931
000000409720032023141599911
000000487520032023060999910
000000487520032023100699920
000000487520032023110899921
000000487520032023141699911
000000634220032023061299910
000000634220032023110499911
000000007420032023062999910
000000007420032023101599920
000000007420032023111599921
000000007420032023111599911
000000007520032023064199910
000000007520032023064199911
000000296420032023065099910
000000296420032023101599920
000000296420032023111799921
000000296420032023143899911
000000634120032023065599910
000000634120032023111099920
000000634120032023121199921
000000634120032023151599911
000000830920032023065599910
000000830920032023121699920
000000830920032023170599911
000000083620032023065599910
000000083620032023070499930
000000083620032023092799931
000000083620032023070499930
000000083620032023092799931
000000083620032023130299920
000000083620032023151099921
000000083620032023172099911
000000009120032023065599910
000000009120032023111199920
000000009120032023131299921
000000009120032023135399911
000000590920032023065699910
000000590920032023120999920
000000590920032023131099921
000000590920032023150499911
000000414420032023065699910
000000414420032023065699911
000000007920032023065699910
000000007920032023065699911
000000689220032023065799910
000000689220032023115599920
000000689220032023125699921
000000689220032023164799911
000000006520032023065799910
000000006520032023110099920
000000006520032023130199921
000000006520032023110099920
000000006520032023110099920
000000006520032023135399911
000000005720032023065799910
000000005720032023084199930
000000005720032023101899931
000000005720032023114999920
000000005720032023130299921
000000005720032023130799911
000000007820032023065899910
000000007820032023065899911
000000239520032023070099910
000000239520032023112299920
000000239520032023122399921
000000239520032023155799911
000000452820032023070099910
000000452820032023120399920
000000452820032023130699921
000000452820032023132199911
000000500720032023070099910
000000500720032023084899930
000000500720032023105899931
000000500720032023112699911
000000007720032023070099910
000000007720032023115599920
000000007720032023125699921
000000007720032023173099911
000000731520032023070499910
000000731520032023070499911
000000591320032023070599910
000000591320032023070599911
000000652420032023070699910
000000652420032023070699911
000000731520032023070899910
000000731520032023110799920
000000731520032023120899921
000000731520032023152199911
000000591320032023071199910
000000591320032023123399940
000000591320032023133599941
000000591320032023170499911
000000153320032023071699910
000000153320032023105999920
000000153320032023130099921
000000153320032023171299911
000000306820032023072099910
000000306820032023110299920
000000306820032023130299921
000000011020032023072299910
000000011020032023110099920
000000011020032023120199921
000000011020032023142699911
000000007320032023072499910
000000007320032023090899911
000000034520032023072699910
000000034520032023115199920
000000034520032023135199921
000000034520032023180299911
000000609920032023072799910
000000609920032023072799911
000000190520032023072799910
000000190520032023110399920
000000190520032023130399921
000000190520032023173799911
000000052820032023072799910
000000052820032023115599920
000000052820032023125899921
000000052820032023171499911
000000488720032023072899910
000000488720032023114099920
000000488720032023124199921
000000535120032023072999910
000000535120032023113099920
000000535120032023123399921
000000535120032023175899911
000000021720032023072999910
000000021720032023110199920
000000021720032023130199921
000000021720032023190099911
000000652420032023073599910
000000652420032023122399920
000000652420032023132499921
000000652420032023155699911
000000731720032023073599910
000000731720032023120199920
000000731720032023140099921
000000731720032023173699911
000000622220032023075099910
000000622220032023111399920
000000622220032023121599921
000000622220032023155199911
000000781220032023075299910
000000631820032023075599910
000000631820032023075599930
000000631820032023081899931
000000631820032023123899920
000000631820032023133999921
000000631820032023181599911
000000028720032023075699910
000000028720032023075699930
000000028720032023105099931
000000028720032023105099931
000000028720032023112899911
000000408920032023075799910
000000408920032023124299920
000000408920032023134899921
000000408920032023174899911
000000225420032023075899910
000000225420032023125499920
000000225420032023135799921
000000225420032023165999911
000000210620032023075999910
000000210620032023111999920
000000210620032023122199921
000000210620032023170899911
000000738220032023080099910
000000738220032023131199920
000000738220032023151299921
000000738220032023180099911
000000302620032023080299910
000000302620032023120399920
000000302620032023130499921
000000302620032023170399911
000000030620032023080299910
000000030620032023120799920
000000030620032023131099921
000000030620032023165899911
000000906320032023080299910
000000906320032023130099920
000000906320032023140099921
000000906320032023170199911
000000694020032023080499910
000000694020032023120599920
000000694020032023131099921
000000694020032023170499911
000000292120032023080799910
000000292120032023140799920
000000292120032023140799921
000000292120032023175799911
000000063820032023080899911
000000525120032023080999910
000000525120032023123199920
000000525120032023133399921
000000525120032023123199920
000000846620032023081499910
000000846620032023123299920
000000846620032023141499921
000000846620032023174799911
000000609920032023082099910
000000609920032023120099920
000000609920032023130299921
000000746720032023085499910
000000746720032023121399920
000000746720032023134299921
000000746720032023181199911
000000905920032023085999910
000000905920032023085999911
000000890120032023095299910
000000890120032023144199920
000000890120032023154499921
000000890120032023182099911
000000487420032023095799910
000000487420032023140299911
000000859020032023095799910
000000859020032023143399920
000000859020032023153399921
000000859020032023191799911
000000007020032023095899910
000000007020032023095899920
000000007020032023110099921
000000487420032023101899910
000000487420032023160099920
000000487420032023170399921
000000487420032023210099911
000000883720032023103099910
000000883720032023140599920
000000883720032023151099921
000000883720032023182599911
000000007920032023105799910
000000007920032023105799920
000000007920032023130099921
000000007920032023130099911
000000007520032023105999910
000000007520032023130099921
000000007520032023130099911
000000007320032023105999910
000000007320032023105999920
000000007320032023130099921
000000007320032023130099911
000000007820032023110199910
000000007820032023110199920
000000007820032023130199921
000000007820032023130199911
000000007420032023111699910
000000007420032023150399911
000000634220032023111699910
000000634220032023114599920
000000634220032023124699921
000000634220032023164399911
000000500720032023115099910
000000500720032023123599920
000000500720032023133699921
000000500720032023133699930
000000500720032023140999931
000000500720032023144699930
000000500720032023154799931
000000500720032023162299911
000000149420032023115599910
000000149420032023115599910
000000149420032023115799911
000000149420032023115799911
000000149420032023115799911
000000149420032023115799911
000000149420032023115799911
000000149420032023115799911
000000149420032023115799911
000000149420032023115799911
000000149420032023115799911
000000149420032023115799911
000000149420032023115799911
000000149420032023115799911
000000149420032023115799911
000000149420032023115799911
000000149420032023115799911
000000149420032023115799911
000000149420032023115799911
000000149420032023115799911
000000149420032023115799911
000000149420032023115799911
000000149420032023115799911
000000149420032023115799911
000000149420032023115799911
000000149420032023115799911
000000452820032023133399910
000000452820032023160399911
000000007020032023143399910
000000007020032023143399911
000000296420032023143999910
000000296420032023144099911
000000007020032023144299910
000000007020032023144299911
000000764120032023145799910
000000764120032023211899911
000000007320032023154099910
000000007320032023154199911
000000905920032023160599910
000000905920032023160599911
000000009120032023162799910
000000009120032023162799911
000000007820032023162899910
000000007820032023162899911
000000007920032023162999910
000000007920032023162999911
000000005720032023163499910
000000005720032023163499911
000000007520032023163799910
000000007520032023163799911
000000006520032023164099910
000000006520032023164099911
000000266420032023170399911
000000149420032023172499910
000000149420032023172499920
000000149420032023183699921
000000149420032023183799911
000000063820032023180599910
000000063820032023180599911
000000266420032023121199920
000000266420032023132199921
