000000007720052023050099910
000000007720052023080999911
000000005720052023050099910
000000005720052023050099911
000000487420052023055599910
000000487420052023060099911
000000011020052023060099910
000000011020052023065099911
000000535120052023060199910
000000535120052023060199911
000000622220052023061999910
000000622220052023085599920
000000622220052023095899921
000000622220052023130099911
000000029020052023062599910
000000029020052023104099940
000000029020052023105599941
000000590920052023065599910
000000590920052023120799920
000000590920052023130999921
000000590920052023155299911
000000758320052023065699910
000000758320052023123599920
000000758320052023133699921
000000758320052023152199911
000000007420052023065699910
000000007420052023065699911
000000007520052023065699910
000000007520052023065699911
000000731520052023065699910
000000639120052023065799910
000000639120052023065799911
000000239520052023065799910
000000239520052023110199911
000000007020052023065799910
000000007020052023065899911
000000006820052023065999910
000000006820052023065999911
000000408920052023070099910
000000591320052023070399910
000000591320052023110799911
000000153320052023071699910
000000153320052023094099930
000000153320052023095599931
000000153320052023123599911
000000306820052023071999910
000000306820052023120099940
000000306820052023121599941
000000306820052023131799911
000000034520052023072699910
000000034520052023153599911
000000021720052023072899910
000000021720052023114599911
000000416220052023072899910
000000416220052023072999930
000000416220052023075499931
000000416220052023083199930
000000416220052023093099931
000000416220052023103399930
000000416220052023110799931
000000416220052023125099930
000000416220052023125099931
000000617920052023074599910
000000617920052023113899930
000000617920052023120699931
000000617920052023120699931
000000617920052023123199911
000000266420052023075199910
000000266420052023123199911
000000631820052023075599910
000000631820052023115999911
000000083620052023075599910
000000083620052023120099911
000000197420052023075599910
000000197420052023075599930
000000197420052023080999931
000000197420052023081999930
000000197420052023095399931
000000197420052023095399931
000000197420052023122599930
000000030620052023075699910
000000030620052023075699911
000000028720052023075699910
000000028720052023080999911
000000190520052023075699910
000000190520052023101899911
000000695220052023075699910
000000695220052023122099911
000000268920052023075799910
000000268920052023120199911
000000292620052023075799910
000000292620052023120899911
000000736120052023080099910
000000736120052023123399911
000000738220052023080099910
000000738220052023134099911
000000846620052023080199910
000000846620052023132799911
000000302620052023080199910
000000299120052023080299910
000000299120052023115799911
000000742520052023080599910
000000742520052023120799911
000000292120052023080599910
000000292120052023121199911
000000063820052023080699910
000000063820052023120099911
000000767520052023080799910
000000767520052023120499911
000000488720052023085699910
000000488720052023125699911
000000694020052023090199910
000000694020052023132399911
000000746720052023091299910
000000746720052023131199940
000000746720052023132599941
000000746720052023141599911
000000487420052023091699910
000000487420052023100899920
000000487420052023111199921
000000487420052023142099911
000000028720052023095399910
000000028720052023095399930
000000028720052023105299931
000000028720052023120299911
000000535120052023095799910
000000535120052023111399911
000000149420052023100099910
000000149420052023100099911
000000005720052023105599910
000000005720052023105599920
000000005720052023115599921
000000005720052023115599921
000000005720052023115599911
000000414420052023105599910
000000414420052023151499920
000000414420052023161599921
000000414420052023174799911
000000007020052023105699910
000000007020052023105699920
000000007020052023120099921
000000007020052023120099911
000000006820052023105899910
000000006820052023105899920
000000006820052023120499921
000000006820052023120499911
000000883720052023110199910
000000883720052023132699920
000000883720052023143099921
000000883720052023195299911
000000007520052023112399910
000000007520052023112399920
000000007520052023122399921
000000007520052023122499911
000000007420052023112999910
000000007420052023112999920
000000007420052023123099921
000000007420052023123099911
000000030620052023121099910
000000030620052023121099911
000000030620052023121199910
000000030620052023121299911
000000591320052023121299910
000000591320052023121299920
000000591320052023131499921
000000591320052023150799911
000000483220052023125699910
000000483220052023125799911
000000007020052023132199910
000000906320052023132799910
000000906320052023132799911
000000007520052023134599910
000000007520052023134599911
000000007420052023135199910
000000007420052023135199911
000000149420052023140999910
000000149420052023140999920
000000149420052023152099921
000000149420052023180799911
000000006820052023141699910
000000006820052023141699911
000000483220052023191899910
000000483220052023191899911
