000000622217042023072599921
000000622217042023072599911
000000343217042023083499911
000000007417042023050099910
000000007417042023110699920
000000007417042023120699921
000000007417042023133399911
000000006617042023053999910
000000006617042023100299920
000000006617042023110299921
000000006617042023110299921
000000006617042023144099911
000000296417042023060099910
000000296417042023115199920
000000296417042023125299921
000000296417042023170099911
000000525117042023060099910
000000525117042023060199911
000000487417042023060199910
000000487417042023100099920
000000487417042023110299921
000000409717042023060199910
000000409717042023091299930
000000409717042023101099931
000000409717042023101099920
000000409717042023111699921
000000409717042023111699930
000000409717042023120099931
000000409717042023152799911
000000487517042023060199910
000000487517042023101799920
000000487517042023111899921
000000487517042023154499911
000000171117042023060299910
000000171117042023100199920
000000171117042023110699921
000000171117042023160899911
000000007017042023060599910
000000007017042023060599911
000000525117042023060699910
000000525117042023101799920
000000525117042023111999921
000000525117042023143399911
000000652417042023060799910
000000652417042023125899920
000000652417042023140299921
000000652417042023170099911
000000634217042023060999910
000000634217042023061099911
000000006717042023062999910
000000006717042023062999911
000000634217042023063199910
000000634217042023092899930
000000634217042023102099931
000000634217042023102199920
000000634217042023112399921
000000634217042023112399930
000000634217042023134199931
000000634217042023162299911
000000590917042023065599910
000000590917042023115999920
000000590917042023130299921
000000590917042023165599911
000000634117042023065599910
000000634117042023065599910
000000634117042023113399920
000000634117042023123499921
000000634117042023154799911
000000452817042023065699910
000000452817042023111399920
000000452817042023121899921
000000452817042023124999911
000000083617042023065799910
000000083617042023070299930
000000083617042023085199931
000000083617042023132399920
000000083617042023152699921
000000083617042023152699921
000000083617042023171099911
000000591317042023065899910
000000591317042023115799920
000000591317042023125999921
000000591317042023160599911
000000005717042023065899910
000000005717042023065899911
000000639117042023065899910
000000639117042023132599920
000000639117042023142799921
000000639117042023151399911
000000689217042023065899910
000000689217042023113999920
000000689217042023124199921
000000689217042023162899911
000000006517042023065899910
000000006517042023121099920
000000006517042023131199921
000000006517042023121099920
000000006517042023173699911
000000007817042023065999910
000000007817042023065999911
000000007317042023065999910
000000007317042023065999911
000000007617042023065999910
000000007617042023065999911
000000007917042023070099910
000000007917042023070099911
000000731717042023070299910
000000731717042023113099920
000000731717042023132899921
000000731717042023132899921
000000731717042023170599911
000000408917042023070299910
000000408917042023115599920
000000408917042023125799921
000000408917042023170099911
000000007717042023070399910
000000007717042023114499920
000000007717042023134699921
000000007717042023141399911
000000007517042023070499910
000000006817042023070599910
000000006817042023090799930
000000006817042023104899931
000000006817042023105599920
000000006817042023125699921
000000006817042023144399911
000000239517042023070799910
000000239517042023112499920
000000239517042023122599921
000000239517042023164099911
000000153317042023071999910
000000153317042023110999930
000000153317042023110999931
000000153317042023110999920
000000153317042023131399921
000000153317042023172699911
000000306817042023072099910
000000306817042023112899920
000000306817042023132899921
000000306817042023170099911
000000034517042023072599910
000000034517042023111699920
000000034517042023131699921
000000034517042023172599911
000000190517042023072599910
000000190517042023111099920
000000190517042023131499921
000000190517042023173199911
000000622217042023072599910
000000622217042023114199920
000000622217042023124299921
000000622217042023151799911
000000488717042023072899910
000000488717042023074899911
000000268917042023072899910
000000268917042023121299920
000000268917042023131399921
000000483217042023073099910
000000483217042023113999920
000000483217042023124099921
000000483217042023163199911
000000052817042023073099910
000000052817042023115699920
000000052817042023125799921
000000052817042023164399911
000000631817042023075599910
000000631817042023075599930
000000631817042023102699931
000000631817042023121299920
000000631817042023131399921
000000631817042023131399930
000000631817042023164999931
000000631817042023165799911
000000197417042023075599910
000000197417042023075599930
000000197417042023080599931
000000197417042023082499930
000000197417042023083799931
000000197417042023090899930
000000197417042023093099931
000000197417042023094499930
000000197417042023095499931
000000197417042023100899930
000000197417042023101399931
000000197417042023104599930
000000197417042023113299931
000000197417042023120899930
000000197417042023121199931
000000197417042023120899930
000000197417042023121199931
000000197417042023122199920
000000197417042023132199921
000000197417042023134299930
000000197417042023134999931
000000197417042023142499930
000000197417042023143199931
000000197417042023142499930
000000197417042023144099930
000000197417042023155199931
000000197417042023162399930
000000197417042023173399931
000000197417042023174599911
000000416217042023075599910
000000416217042023075699930
000000416217042023113699931
000000416217042023113799920
000000416217042023133899921
000000416217042023134999930
000000416217042023140899931
000000416217042023175599911
000000266417042023075699910
000000266417042023123699920
000000266417042023134799921
000000266417042023170099911
000000210617042023075799910
000000210617042023122999920
000000210617042023133099921
000000210617042023173399911
000000063817042023075799910
000000063817042023122399920
000000063817042023132799921
000000063817042023172599911
000000292617042023075999910
000000292617042023120199920
000000292617042023130599921
000000292617042023170799911
000000028717042023075999910
000000028717042023075999930
000000028717042023081399931
000000028717042023081399911
000000906317042023075999910
000000906317042023135699920
000000906317042023135699921
000000906317042023175399911
000000736117042023080099910
000000736117042023115899920
000000736117042023125899921
000000736117042023170299911
000000695217042023080099910
000000695217042023123699920
000000695217042023133999921
000000695217042023161099911
000000738217042023080199910
000000738217042023112899920
000000738217042023132999921
000000738217042023180099911
000000302617042023080199910
000000302617042023120699920
000000302617042023130899921
000000846617042023080199910
000000846617042023105699920
000000846617042023124599921
000000846617042023174799911
000000299117042023080299910
000000299117042023115899920
000000299117042023130199921
000000299117042023171199911
000000292117042023080799910
000000292117042023103399920
000000292117042023113499921
000000292117042023173999911
000000767517042023080999910
000000767517042023121099920
000000767517042023131299921
000000767517042023121099920
000000767517042023170299911
000000742517042023081199910
000000742517042023120899920
000000742517042023131299921
000000742517042023171599911
000000343217042023083499910
000000343217042023124699920
000000343217042023144699921
000000343217042023180099911
000000746717042023085399910
000000746717042023113199920
000000746717042023130299921
000000746717042023181399911
000000609917042023085599910
000000609917042023085999911
000000694017042023090699910
000000694017042023120899920
000000694017042023131699921
000000694017042023180499911
000000030617042023092299910
000000030617042023092299911
000000617917042023092999910
000000617917042023093199930
000000617917042023105399931
000000617917042023114699930
000000617917042023122799931
000000617917042023122799920
000000617917042023132799921
000000617917042023170799911
000000007017042023095199910
000000007017042023095199920
000000007017042023105399921
000000500717042023103199910
000000500717042023112499930
000000500717042023131399931
000000500717042023134799911
000000764117042023105599910
000000764117042023145399920
000000764117042023155599921
000000764117042023195699911
000000414417042023105599910
000000414417042023144899920
000000414417042023154999921
000000414417042023191599911
000000007317042023105699910
000000007317042023105699920
000000007317042023125799921
000000007317042023125799911
000000007917042023105799910
000000007917042023105799920
000000007917042023130199921
000000007917042023130199911
000000005717042023105899910
000000005717042023105999920
000000005717042023130099921
000000005717042023105999920
000000005717042023105999920
000000005717042023105999920
000000005717042023105999920
000000005717042023105999920
000000005717042023105999920
000000005717042023105999920
000000005717042023130099911
000000007517042023105999910
000000007517042023105999920
000000007517042023130099921
000000007517042023130099921
000000007517042023130099911
000000883717042023105999910
000000883717042023135399920
000000883717042023150899921
000000883717042023184999911
000000007617042023110499910
000000007617042023110499920
000000007617042023130399921
000000007617042023130399911
000000758317042023115499910
000000758317042023115999911
000000007817042023115999910
000000007817042023115999920
000000007817042023130099921
000000007817042023130099911
000000030617042023120799910
000000030617042023120799920
000000030617042023130899921
000000488717042023121799910
000000488717042023121799920
000000488717042023131899921
000000488717042023131899911
000000609917042023122299910
000000609917042023122299920
000000609917042023132499921
000000609917042023174599911
000000452817042023133599910
000000452817042023183399911
000000500717042023141799910
000000500717042023153999930
000000500717042023155199931
000000500717042023161099920
000000500717042023171399921
000000500717042023171399930
000000500717042023185599931
000000500717042023201999911
000000007017042023142999910
000000758317042023151099910
000000758317042023151099920
000000758317042023161399921
000000758317042023161399911
000000639117042023151699910
000000639117042023151699910
000000007817042023155099910
000000007817042023155099911
000000006717042023155599910
000000006717042023155599911
000000639117042023161899911
000000639117042023161899911
000000639117042023161899911
000000488717042023162499910
000000488717042023162799911
000000007517042023162899910
000000007517042023162899911
000000007317042023163099910
000000007317042023163099911
000000005717042023163099910
000000005717042023163099911
000000006817042023163299910
000000006817042023163299911
000000007917042023163299910
000000007917042023163299911
000000007717042023163399910
000000007717042023163399911
000000007617042023163499910
000000007617042023163499911
000000021717042023111199920
000000021717042023131299921
000000021717042023173199911
000000758317042023201999910
000000758317042023201999911
