000000622222032023150999911
000000028722032023043299910
000000028722032023072299911
000000006822032023050099910
000000006822032023071999930
000000006822032023080899931
000000006822032023091899930
000000006822032023105899931
000000006822032023110799920
000000006822032023120899921
000000006822032023110799920
000000006822032023133199911
000000007722032023050099910
000000007722032023083199911
000000005722032023050099910
000000005722032023072899911
000000006522032023050199910
000000006522032023073199911
000000171122032023055599910
000000171122032023084599911
000000525122032023055699910
000000525122032023103599920
000000525122032023113899921
000000525122032023150199911
000000409722032023055899910
000000409722032023071499930
000000409722032023102999931
000000409722032023103099920
000000409722032023113299921
000000409722032023113299930
000000409722032023114999931
000000409722032023141699911
000000905922032023055999910
000000905922032023055999911
000000296422032023060099910
000000296422032023100099920
000000296422032023110199921
000000296422032023152399911
000000007022032023060199910
000000007022032023095399920
000000007022032023105499921
000000007022032023095399920
000000007022032023144199911
000000300922032023060399910
000000300922032023100699920
000000300922032023110799921
000000300922032023141599911
000000487522032023060499910
000000487522032023101099920
000000487522032023111199921
000000487522032023111199911
000000634222032023060499910
000000634222032023084599930
000000634222032023101399931
000000634222032023101399920
000000634222032023111499921
000000634222032023111499930
000000634222032023124199931
000000634222032023152499911
000000007822032023062199910
000000007822032023103099911
000000830922032023065599910
000000830922032023123199920
000000830922032023133299921
000000830922032023154499911
000000634122032023065599910
000000634122032023121699920
000000634122032023131699921
000000634122032023152599911
000000590922032023065599910
000000590922032023112799920
000000590922032023122999921
000000590922032023150499911
000000652422032023065699910
000000414422032023065699910
000000414422032023065699911
000000007322032023065799910
000000007322032023115899920
000000007322032023130399921
000000007322032023173099911
000000500722032023065799910
000000500722032023071299911
000000007922032023065899910
000000007922032023065899920
000000007922032023065899921
000000007922032023065899911
000000007422032023065899910
000000007422032023111199920
000000007422032023131199921
000000007422032023131199911
000000009122032023065899910
000000009122032023104499920
000000009122032023124599921
000000009122032023133999911
000000689222032023065899910
000000689222032023115699920
000000689222032023125799921
000000689222032023175299911
000000007522032023065999910
000000007522032023065999911
000000452822032023070199910
000000452822032023120399920
000000452822032023130499921
000000452822032023151399911
000000591322032023070299910
000000591322032023070299911
000000239522032023070699910
000000239522032023104899920
000000239522032023114999921
000000239522032023155599911
000000731522032023071199910
000000731522032023105899920
000000731522032023120099921
000000731522032023152299911
000000153322032023071799910
000000153322032023092199930
000000153322032023095299931
000000153322032023095299931
000000153322032023113099920
000000153322032023133199921
000000153322032023154999930
000000153322032023162299931
000000153322032023172299911
000000306822032023072099910
000000306822032023110099920
000000306822032023130099921
000000306822032023170099911
000000622222032023072399910
000000268922032023072699910
000000268922032023120399920
000000268922032023130499921
000000268922032023165199911
000000034522032023072699910
000000034522032023120299920
000000034522032023140299921
000000034522032023181699911
000000052822032023072799910
000000052822032023120399920
000000052822032023130499921
000000052822032023165099911
000000488722032023072799910
000000488722032023112899920
000000488722032023122999921
000000535122032023072899910
000000535122032023112799920
000000535122032023123199921
000000535122032023165099911
000000021722032023073099910
000000021722032023113199920
000000021722032023133199921
000000021722032023173599911
000000731722032023073599910
000000731722032023113099920
000000731722032023133199921
000000731722032023173399911
000000190522032023073699910
000000190522032023111499920
000000190522032023132099921
000000190522032023173599911
000000006522032023073999910
000000006522032023113899920
000000006522032023124099921
000000006522032023154099911
000000028722032023074899910
000000028722032023074899930
000000028722032023082999931
000000028722032023083099920
000000028722032023093399921
000000028722032023124199930
000000028722032023133599931
000000028722032023133599911
000000591322032023075299910
000000591322032023125499920
000000591322032023135599921
000000591322032023151599911
000000266422032023075299910
000000266422032023122099920
000000266422032023133199921
000000631822032023075599910
000000631822032023075599930
000000631822032023080599931
000000631822032023121699920
000000631822032023131699921
000000631822032023131699930
000000631822032023152599931
000000631822032023170099911
000000416222032023075599910
000000416222032023115199920
000000416222032023135399921
000000487422032023075799910
000000487422032023115999911
000000846622032023075799910
000000846622032023120299920
000000846622032023140899921
000000846622032023182399911
000000210622032023075799910
000000210622032023110999920
000000210622032023121099921
000000210622032023170199911
000000408922032023075899910
000000408922032023115999920
000000408922032023130199921
000000408922032023170099911
000000292122032023075999910
000000292122032023120299920
000000292122032023130399921
000000292122032023185499911
000000694022032023080099910
000000694022032023122299920
000000694022032023132799921
000000694022032023171399911
000000225422032023080099910
000000225422032023122699920
000000225422032023132899921
000000225422032023170399911
000000302622032023080099910
000000302622032023120199920
000000302622032023130399921
000000302622032023170099911
000000906322032023080199910
000000906322032023123299920
000000906322032023133399921
000000906322032023175799911
000000738222032023080199910
000000738222032023122799920
000000738222032023142799921
000000738222032023180499911
000000030622032023080199910
000000030622032023124099920
000000030622032023134299921
000000030622032023175999911
000000500722032023081399910
000000500722032023091899930
000000500722032023103899931
000000500722032023103899931
000000500722032023111799911
000000414422032023083399910
000000414422032023105099920
000000414422032023115199921
000000414422032023150599911
000000746722032023085599910
000000746722032023132699920
000000746722032023145699921
000000746722032023181299911
000000171122032023094499910
000000171122032023104599920
000000171122032023114799921
000000171122032023180499911
000000890122032023095999910
000000890122032023151399920
000000890122032023161599921
000000890122032023184499911
000000859022032023100399910
000000859022032023145499920
000000859022032023155599921
000000859022032023191999911
000000007822032023103299910
000000007822032023103299920
000000007822032023113399921
000000007822032023151799911
000000883722032023105999910
000000883722032023140099920
000000883722032023150299921
000000883722032023191199911
000000764122032023105999910
000000764122032023140899920
000000764122032023151099921
000000764122032023194599911
000000007922032023110199910
000000007922032023110199920
000000007922032023130199921
000000007922032023130199911
000000007522032023110599910
000000007522032023110599920
000000007522032023130299921
000000007522032023130299911
000000487522032023112199910
000000500722032023115399910
000000500722032023121899920
000000500722032023131999921
000000500722032023131999930
000000500722032023140099931
000000500722032023142499930
000000500722032023150499931
000000500722032023160199911
000000487422032023120899910
000000487422032023133899920
000000487422032023144299921
000000487422032023190099911
000000149422032023130499910
000000149422032023130499911
000000652422032023145199910
000000652422032023163799911
000000609922032023145599910
000000609922032023190199920
000000609922032023200299921
000000609922032023230999911
000000622222032023150999910
000000622222032023150999911
000000414422032023150999910
000000414422032023151599911
000000695222032023162599910
000000695222032023171899911
000000007522032023162999910
000000007422032023163199910
000000007422032023163199911
000000009122032023163499910
000000007922032023163499910
000000007922032023163499911
000000149422032023174399910
000000149422032023174399920
000000149422032023184499921
000000149422032023184599911
000000149422032023213799910
000000149422032023213899911
