000000758313042023160199911
000000343213042023074799911
000000028713042023042899910
000000028713042023050499930
000000028713042023054599931
000000028713042023075699911
000000007313042023050099910
000000007313042023071699911
000000006513042023050199910
000000006513042023082399911
000000006613042023053299910
000000006613042023100099920
000000006613042023110099921
000000006613042023100099920
000000006613042023162399911
000000171113042023055599911
000000171113042023055599911
000000764113042023055599910
000000764113042023131299920
000000764113042023141599921
000000764113042023142999911
000000171113042023055699910
000000487413042023055699910
000000487413042023114899920
000000487413042023125099921
000000487413042023162199911
000000535113042023055799910
000000535113042023093799911
000000652413042023055899910
000000652413042023121799920
000000652413042023131999921
000000652413042023160099911
000000525113042023060099910
000000525113042023060299911
000000296413042023060099910
000000296413042023103299920
000000296413042023113299921
000000296413042023161099911
000000409713042023060099910
000000409713042023091599930
000000409713042023104399931
000000409713042023104399920
000000409713042023114699921
000000409713042023114699930
000000409713042023141999931
000000409713042023172999911
000000525113042023060499910
000000525113042023104499920
000000525113042023114899921
000000525113042023160099911
000000487513042023060499910
000000487513042023102799920
000000487513042023112999921
000000487513042023154099911
000000634213042023060599910
000000634213042023085599930
000000634213042023103399931
000000171113042023060899910
000000171113042023100799920
000000171113042023110799921
000000171113042023100799920
000000171113042023110899911
000000622213042023061399910
000000622213042023100199920
000000622213042023113799921
000000622213042023151799911
000000007813042023062499910
000000007813042023102999911
000000590913042023065599910
000000590913042023115899920
000000590913042023130099921
000000590913042023130099921
000000590913042023151199911
000000083613042023065599910
000000083613042023130499920
000000083613042023150699921
000000083613042023130499920
000000083613042023170099911
000000639113042023065699910
000000639113042023121399920
000000639113042023131599921
000000639113042023153199911
000000830913042023065699910
000000830913042023114899920
000000830913042023124999921
000000830913042023161299911
000000634113042023065699910
000000634113042023110399920
000000634113042023120499921
000000634113042023162699911
000000007413042023065699910
000000007413042023065699911
000000591313042023065699910
000000591313042023121599920
000000591313042023131699921
000000591313042023131699921
000000591313042023163799911
000000007913042023065799910
000000007913042023065799911
000000689213042023065799910
000000689213042023112999920
000000689213042023123199921
000000689213042023152299911
000000006713042023065799910
000000006713042023073699930
000000006713042023080299931
000000006713042023090099930
000000006713042023101299931
000000006713042023113699920
000000006713042023123699921
000000006713042023123699911
000000007013042023065899910
000000007013042023085199930
000000007013042023095099931
000000007013042023113699911
000000452813042023065999910
000000452813042023110299920
000000452813042023120499921
000000452813042023152799911
000000005713042023065999910
000000005713042023105999920
000000005713042023125999921
000000005713042023135999911
000000007513042023065999910
000000007513042023065999911
000000006813042023070299910
000000006813042023070299911
000000239513042023070499910
000000239513042023120099920
000000239513042023130099921
000000239513042023155599911
000000306813042023070699910
000000306813042023110499920
000000306813042023130499921
000000306813042023171999911
000000153313042023071899910
000000153313042023104599920
000000153313042023124699921
000000153313042023141099930
000000153313042023141199931
000000153313042023141199930
000000153313042023141799931
000000153313042023161199930
000000153313042023163699931
000000153313042023174199911
000000488713042023072599910
000000488713042023072699911
000000034513042023072599910
000000034513042023111099920
000000034513042023131099921
000000034513042023172599911
000000268913042023072799910
000000268913042023115499920
000000268913042023125599921
000000268913042023162899911
000000052813042023072799910
000000052813042023115499920
000000052813042023125699921
000000052813042023163099911
000000021713042023072799910
000000021713042023112199920
000000021713042023132199921
000000021713042023173099911
000000731713042023072899910
000000731713042023110099920
000000731713042023125899921
000000731713042023172799911
000000190513042023072899910
000000190513042023110399920
000000190513042023130499921
000000190513042023173199911
000000483213042023072999910
000000483213042023113099920
000000483213042023123299921
000000030613042023073599910
000000030613042023073599911
000000631813042023074599910
000000631813042023074799930
000000631813042023090599931
000000631813042023120099920
000000631813042023130199921
000000631813042023165999911
000000488713042023074799910
000000488713042023114999920
000000488713042023125099921
000000343213042023074899910
000000343213042023134599920
000000343213042023154599921
000000343213042023174799911
000000846613042023074899910
000000846613042023122199920
000000846613042023142299921
000000846613042023174099911
000000266413042023075199910
000000266413042023120199920
000000266413042023131299921
000000266413042023171299911
000000416213042023075599910
000000416213042023075599930
000000416213042023081999931
000000416213042023121799920
000000416213042023131799921
000000416213042023164099911
000000197413042023075799910
000000197413042023075799930
000000197413042023080699931
000000197413042023081099930
000000197413042023081399931
000000197413042023081899930
000000197413042023083499931
000000197413042023084499930
000000197413042023084999931
000000197413042023090399930
000000197413042023101099931
000000197413042023102599930
000000197413042023104599931
000000197413042023105299930
000000197413042023114299931
000000197413042023114699930
000000197413042023121099931
000000197413042023121799930
000000197413042023122399931
000000197413042023123199920
000000197413042023133199921
000000197413042023134699930
000000197413042023141399931
000000197413042023144899930
000000197413042023150499931
000000197413042023153899930
000000197413042023161499931
000000197413042023162199930
000000197413042023162999931
000000197413042023163499930
000000197413042023170199931
000000197413042023170199911
000000210613042023075999910
000000210613042023111999920
000000210613042023122099921
000000210613042023170099911
000000408913042023080099910
000000408913042023122899920
000000408913042023133199921
000000408913042023170099911
000000736113042023080099910
000000736113042023171899911
000000738213042023080099910
000000738213042023111299920
000000738213042023131399921
000000738213042023180499911
000000906313042023080099910
000000906313042023115899920
000000906313042023130699921
000000906313042023175799911
000000292613042023080099910
000000292613042023082899911
000000302613042023080299910
000000302613042023120099920
000000302613042023130399921
000000302613042023171399911
000000299113042023080299910
000000299113042023125799920
000000299113042023140099921
000000299113042023181999911
000000767513042023080299910
000000767513042023124099920
000000767513042023134399921
000000767513042023171499911
000000028713042023080699910
000000028713042023080699930
000000028713042023083099931
000000028713042023083099920
000000028713042023093399921
000000028713042023123299930
000000028713042023130499931
000000742513042023080699910
000000742513042023140799920
000000742513042023152599921
000000742513042023171399911
000000292113042023080899910
000000292113042023123099920
000000292113042023133299921
000000292113042023133299921
000000292113042023171099911
000000007313042023081299910
000000007313042023113199920
000000007313042023123299921
000000007313042023153199911
000000063813042023081699910
000000063813042023124499920
000000063813042023134699921
000000063813042023174299911
000000292613042023084999910
000000292613042023093099930
000000292613042023104299931
000000292613042023110499930
000000292613042023120199931
000000292613042023120199920
000000292613042023130299921
000000292613042023130299930
000000292613042023131299931
000000292613042023141299911
000000746713042023085099910
000000746713042023130299920
000000746713042023143299921
000000746713042023181199911
000000758313042023085499910
000000758313042023085499911
000000758313042023085499910
000000758313042023132999920
000000758313042023143099921
000000758313042023155699911
000000890113042023085499910
000000890113042023120299920
000000890113042023130299921
000000890113042023175799911
000000694013042023090299910
000000694013042023120999920
000000694013042023131799921
000000694013042023180399911
000000617913042023091099910
000000617913042023120399920
000000617913042023140299921
000000617913042023171099911
000000030613042023093199910
000000030613042023114799920
000000030613042023124899921
000000030613042023114799920
000000030613042023181199911
000000883713042023104799910
000000883713042023140299920
000000883713042023150299921
000000883713042023184399911
000000609913042023105599910
000000609913042023105699911
000000414413042023105699910
000000414413042023150099920
000000414413042023160199921
000000414413042023191599911
000000006813042023105999910
000000006813042023105999920
000000006813042023130099921
000000006813042023130099911
000000905913042023105999910
000000905913042023141999920
000000905913042023152399921
000000905913042023201099911
000000007913042023110199910
000000007913042023110199920
000000007913042023130199921
000000007913042023130199921
000000007913042023130199911
000000007513042023110299910
000000007513042023110299920
000000007513042023130099921
000000007513042023130099911
000000171113042023111099910
000000171113042023153599911
000000007413042023112299910
000000007413042023112299920
000000007413042023132299921
000000007413042023132299911
000000634213042023125999910
000000634213042023154599911
000000500713042023125999910
000000500713042023130099911
000000535113042023131699910
000000535113042023131699920
000000535113042023141899921
000000535113042023143599911
000000292613042023145599910
000000292613042023180399911
000000007813042023103199920
000000007813042023113499921
000000007813042023151799911
000000006713042023153199910
000000006713042023153199911
000000758313042023160199910
000000758313042023203699911
000000007513042023162499910
000000007513042023162499911
000000006813042023163299910
000000006813042023163299911
000000007413042023163499910
000000007413042023163499911
000000005713042023163599910
000000005713042023163599911
000000007913042023163799910
000000007913042023163799911
000000500713042023165399910
000000500713042023165399920
000000500713042023175799921
000000500713042023212499911
000000609913042023175999910
000000609913042023180199911
000000030613042023181199910
000000030613042023181199911
