000000005711032023052599910
000000005711032023070199911
000000409711032023055599910
000000409711032023055599911
000000609911032023055599910
000000609911032023085999911
000000011011032023055699910
000000011011032023070199911
000000300911032023060099910
000000300911032023060199911
000000007711032023060199910
000000007711032023100499920
000000007711032023110799921
000000007711032023111599911
000000171111032023060399910
000000171111032023120199911
000000409711032023061499910
000000409711032023085299930
000000409711032023093399931
000000409711032023120099911
000000622211032023064999910
000000622211032023091899920
000000622211032023102099921
000000622211032023102099921
000000622211032023102099921
000000622211032023102099921
000000622211032023140899911
000000239511032023065599910
000000239511032023105599911
000000634111032023065699910
000000634111032023114599920
000000634111032023124699921
000000634111032023163099911
000000830911032023065699910
000000830911032023121899920
000000830911032023132099921
000000830911032023154199911
000000591311032023065699910
000000591311032023125499920
000000591311032023135699921
000000591311032023135699921
000000591311032023135699921
000000591311032023155299911
000000007411032023065799910
000000007411032023065799911
000000007811032023065799910
000000007811032023065799911
000000009111032023065799910
000000009111032023065899911
000000689211032023065899910
000000689211032023113699920
000000689211032023123899921
000000689211032023171899911
000000500711032023065899910
000000007011032023065899910
000000007011032023065899911
000000452811032023065899910
000000452811032023105199911
000000210611032023065899910
000000210611032023110799911
000000007911032023065899910
000000007911032023065899911
000000007511032023065999910
000000007511032023065999911
000000525111032023070199910
000000525111032023070199911
000000006811032023070199910
000000006811032023091999930
000000006811032023105899931
000000006811032023110899920
000000006811032023120999921
000000006811032023133199911
000000525111032023070399910
000000525111032023111399911
000000011011032023070499910
000000011011032023110499920
000000011011032023120599921
000000011011032023133599911
000000652411032023070499910
000000652411032023125899920
000000652411032023140199921
000000652411032023154299911
000000005711032023070599910
000000005711032023085499911
000000153311032023071799910
000000153311032023103199940
000000153311032023104799941
000000153311032023123799911
000000306811032023072099910
000000306811032023115299920
000000306811032023125299921
000000306811032023155299911
000000416211032023072599910
000000034511032023072699910
000000034511032023124999911
000000021711032023072999910
000000021711032023074799911
000000500711032023074399910
000000500711032023081499930
000000500711032023104899931
000000500711032023104899931
000000500711032023104899911
000000009111032023074899910
000000009111032023111199911
000000631811032023075599910
000000631811032023075599930
000000631811032023080999931
000000631811032023120899911
000000197411032023075599910
000000197411032023075599930
000000197411032023075799931
000000197411032023075799911
000000268911032023075799910
000000268911032023120199911
000000028711032023075799910
000000028711032023075799930
000000028711032023121799931
000000028711032023121799911
000000488711032023075799910
000000063811032023075899910
000000063811032023075899911
000000052811032023075999910
000000052811032023120099911
000000535111032023075999910
000000535111032023120199911
000000408911032023080099910
000000408911032023122199911
000000302611032023080099910
000000302611032023120099911
000000029011032023080099910
000000029011032023123399940
000000029011032023124899941
000000029011032023130799911
000000738211032023080099910
000000738211032023120099911
000000225411032023080099910
000000225411032023131799911
000000906311032023080099910
000000906311032023115899911
000000694011032023080099910
000000694011032023121599911
000000846611032023080499910
000000846611032023130599911
000000731711032023080499910
000000731711032023120199911
000000030611032023080599910
000000030611032023131599911
000000266411032023080599910
000000266411032023121399911
000000190511032023080699910
000000292111032023081199910
000000292111032023125699911
000000781211032023085399910
000000781211032023130599940
000000781211032023132099941
000000781211032023133999911
000000905911032023085699910
000000905911032023085799911
000000487411032023085699910
000000487411032023130099911
000000764111032023085799910
000000764111032023120199920
000000764111032023130299921
000000764111032023175999911
000000300911032023090399910
000000300911032023103399920
000000300911032023113499921
000000300911032023125499911
000000609911032023091099910
000000609911032023100099911
000000746711032023091099910
000000746711032023125899940
000000746711032023131499941
000000746711032023141699911
000000859011032023100199910
000000859011032023143199920
000000859011032023153199921
000000859011032023183799911
000000500711032023105599910
000000500711032023112999930
000000500711032023121799931
000000500711032023121799920
000000500711032023131799921
000000500711032023131799930
000000500711032023140999931
000000500711032023151799911
000000007811032023105699910
000000007811032023105699920
000000007811032023115899921
000000007811032023115899921
000000007811032023115899911
000000007411032023105699910
000000007411032023105699920
000000007411032023115799921
000000007411032023115799911
000000883711032023105699910
000000883711032023105699910
000000883711032023105699910
000000883711032023140099920
000000883711032023150199921
000000883711032023105699910
000000005711032023105799910
000000005711032023105799920
000000414411032023105799910
000000414411032023152399920
000000414411032023162399921
000000414411032023191699911
000000890111032023105999910
000000890111032023164999911
000000007011032023105999910
000000007011032023105999910
000000007011032023120499921
000000007511032023105999910
000000007511032023105999911
000000007911032023105999910
000000007911032023105999920
000000007911032023120199921
000000007911032023120199911
000000525111032023112199910
000000525111032023112199920
000000525111032023122499921
000000525111032023174399911
000000007711032023112299910
000000007711032023150799911
000000063811032023120099910
000000063811032023120099911
000000149411032023120099910
000000149411032023121199911
000000083611032023120099910
000000083611032023120199911
000000905911032023120399910
000000905911032023120499911
000000007011032023120499911
000000695211032023121899910
000000695211032023131299911
000000452811032023122699910
000000452811032023125699920
000000452811032023135699921
000000007811032023133799910
000000007811032023133799911
000000007411032023135399910
000000007411032023135399911
000000007011032023140399910
000000007011032023140399911
000000007911032023141499910
000000007911032023141499911
000000006811032023143099910
000000006811032023143099911
000000149411032023175299910
000000149411032023175299911
000000883711032023192099911
000000883711032023192099911
000000416211032023072599930
000000416211032023082099931
