000000006625052023054999910
000000006625052023054999911
000000483225052023055599910
000000483225052023072699911
000000409725052023055699910
000000409725052023085399930
000000409725052023101099931
000000409725052023102899920
000000409725052023112999921
000000409725052023112999930
000000409725052023122499931
000000409725052023160699911
000000487425052023055799910
000000487425052023104099920
000000487425052023114299921
000000487425052023143599911
000000591325052023055899910
000000591325052023100299920
000000591325052023110399921
000000591325052023132299911
000000535125052023055999910
000000535125052023090099911
000000011025052023060099910
000000011025052023072099911
000000652425052023060099910
000000652425052023110299920
000000652425052023120399921
000000652425052023142199911
000000296425052023060199910
000000296425052023100099920
000000296425052023110199921
000000296425052023150099911
000000525125052023060299910
000000525125052023060399911
000000487525052023060399910
000000487525052023060399911
000000300925052023060399910
000000300925052023100899920
000000300925052023111199921
000000300925052023161699911
000000634225052023060599910
000000634225052023091699930
000000634225052023102099931
000000634225052023102099920
000000634225052023112199921
000000634225052023150399911
000000525125052023060999910
000000525125052023120699920
000000525125052023130999921
000000487525052023061199910
000000487525052023100999920
000000487525052023111499921
000000487525052023150299911
000000306825052023061599910
000000306825052023115399920
000000306825052023135399921
000000306825052023170899911
000000452825052023065599910
000000452825052023125899920
000000452825052023140099921
000000452825052023140399911
000000590925052023065699910
000000590925052023121199920
000000590925052023131399921
000000590925052023121199920
000000590925052023155799911
000000083625052023065699910
000000083625052023070399930
000000083625052023072599931
000000083625052023135199920
000000083625052023155599921
000000083625052023135199920
000000083625052023173999911
000000007925052023065799910
000000007925052023065799911
000000007425052023065899910
000000007425052023111499920
000000007425052023121599921
000000689225052023065899910
000000689225052023122599920
000000689225052023132799921
000000689225052023181999911
000000006825052023065899910
000000006825052023065899911
000000731525052023065899910
000000731525052023120099920
000000731525052023130199921
000000731525052023172099911
000000007625052023065899910
000000007625052023111499920
000000007625052023131599921
000000758325052023065899910
000000758325052023123099920
000000758325052023133399921
000000758325052023165099911
000000500725052023065899910
000000500725052023083099930
000000500725052023092599931
000000500725052023094999930
000000500725052023110799931
000000500725052023112199920
000000500725052023124399921
000000500725052023140199911
000000007025052023065999910
000000007025052023065999911
000000005725052023070099910
000000005725052023105999920
000000005725052023130099921
000000005725052023133199911
000000029025052023071599910
000000029025052023120099920
000000029025052023140099921
000000029025052023172099911
000000153325052023071699910
000000153325052023103499920
000000153325052023123799921
000000153325052023175699911
000000239525052023071699910
000000239525052023113399920
000000239525052023123599921
000000239525052023162199911
000000011025052023072399910
000000011025052023110199920
000000011025052023120299921
000000011025052023132999911
000000034525052023072699910
000000034525052023113799920
000000034525052023133799921
000000034525052023172699911
000000488725052023072799910
000000488725052023114899920
000000488725052023125099921
000000021725052023072799910
000000021725052023120099920
000000268925052023072899910
000000268925052023115099920
000000268925052023125299921
000000268925052023163099911
000000052825052023072999910
000000052825052023113999920
000000052825052023124199921
000000052825052023163099911
000000731725052023073399910
000000190525052023073499910
000000190525052023110599920
000000190525052023130699921
000000190525052023174599911
000000126425052023073599910
000000126425052023073599930
000000126425052023080399931
000000126425052023080399931
000000126425052023115699920
000000126425052023125799921
000000126425052023133899930
000000126425052023140999931
000000126425052023140999931
000000126425052023161099930
000000126425052023162499931
000000126425052023163299911
000000302625052023074599910
000000302625052023123099920
000000302625052023135699921
000000483225052023074799910
000000483225052023105399920
000000483225052023115499921
000000483225052023145999911
000000846625052023074999910
000000846625052023134299920
000000846625052023153199921
000000266425052023075299910
000000266425052023120899920
000000266425052023131999921
000000266425052023173199911
000000695225052023075599910
000000197425052023075599910
000000197425052023075599930
000000197425052023083199931
000000197425052023085399930
000000197425052023121499931
000000197425052023121499920
000000197425052023131499921
000000197425052023132399930
000000197425052023160199931
000000197425052023163699930
000000197425052023164499931
000000197425052023164499911
000000416225052023075599910
000000416225052023084499930
000000416225052023103899931
000000416225052023123699920
000000416225052023133999921
000000416225052023170899911
000000292625052023075799910
000000292625052023115999920
000000292625052023130299921
000000292625052023170999911
000000028725052023075799910
000000028725052023080399911
000000063825052023075799910
000000063825052023123299920
000000063825052023133499921
000000063825052023170599911
000000225425052023075899910
000000225425052023123499920
000000225425052023133699921
000000225425052023170099911
000000210625052023075899910
000000210625052023125199920
000000210625052023135299921
000000210625052023170299911
000000736125052023080099910
000000736125052023120999920
000000736125052023130999921
000000736125052023171599911
000000408925052023080099910
000000408925052023120999920
000000408925052023131099921
000000408925052023171999911
000000738225052023080099910
000000738225052023131199920
000000738225052023151299921
000000738225052023191099911
000000906325052023080199910
000000906325052023124599920
000000906325052023134599921
000000906325052023170199911
000000030625052023080199910
000000030625052023123399920
000000030625052023133699921
000000030625052023172899911
000000767525052023080399910
000000767525052023124899920
000000767525052023135099921
000000767525052023080399910
000000299125052023080399910
000000299125052023130099920
000000299125052023140299921
000000299125052023165899911
000000695225052023080599911
000000695225052023080599911
000000695225052023080599911
000000695225052023080599911
000000292125052023080899910
000000292125052023123499920
000000292125052023133599921
000000292125052023171299911
000000742525052023080999910
000000742525052023120399920
000000742525052023130899921
000000742525052023171499911
000000639125052023081299910
000000639125052023115999920
000000639125052023130299921
000000639125052023151099911
000000028725052023081799910
000000028725052023121799920
000000028725052023131899921
000000028725052023174299911
000000764125052023082599910
000000764125052023123399920
000000764125052023133599921
000000764125052023170699911
000000617925052023084999910
000000617925052023090499930
000000617925052023092199931
000000617925052023104699930
000000617925052023124099931
000000617925052023143599921
000000617925052023143599930
000000617925052023170699931
000000746725052023085099910
000000746725052023133599920
000000746725052023151099921
000000746725052023181199911
000000890125052023085899910
000000890125052023122899920
000000890125052023133399921
000000890125052023182199911
000000694025052023090299910
000000694025052023122799920
000000694025052023133499921
000000694025052023180899911
000000535125052023091899910
000000634125052023095599910
000000609925052023100099910
000000609925052023130199920
000000609925052023140299921
000000609925052023172699911
000000414425052023105599910
000000414425052023140199920
000000414425052023150199921
000000414425052023191599911
000000883725052023105599910
000000883725052023150499920
000000883725052023160599921
000000883725052023192599911
000000905925052023105699910
000000905925052023141299920
000000905925052023151399921
000000905925052023141299920
000000905925052023194499911
000000006625052023105899910
000000006625052023105899920
000000006625052023125899921
000000006625052023105899920
000000006625052023125999911
000000006825052023105999910
000000006825052023105999910
000000006825052023105999920
000000006825052023130099921
000000006825052023130099921
000000007925052023110299910
000000007925052023110299920
000000007925052023130299921
000000007925052023130299911
000000007025052023110799910
000000007025052023110799911
000000007025052023110799911
000000149425052023130099910
000000149425052023130199911
000000006825052023130099911
000000634125052023141399910
000000634125052023154399920
000000634125052023164499921
000000634125052023183099911
000000006825052023143299910
000000006825052023143299911
000000006625052023145599910
000000006625052023145599911
000000005725052023145899910
000000005725052023145899911
000000591325052023151699910
000000591325052023151699911
000000007925052023155999910
000000007925052023155999911
000000197425052023170699910
000000197425052023173499911
000000007325052023102199920
000000007325052023112399921
000000007325052023173099911
000000695225052023174099910
000000695225052023174199911
000000149425052023180399910
000000149425052023180399920
000000149425052023190599921
000000149425052023204399911
000000767525052023181299911
000000767525052023181299911
