000000028723032023042999910
000000028723032023071599911
000000007323032023050199910
000000007323032023071899911
000000006523032023050199910
000000006523032023081199911
000000171123032023055599910
000000171123032023055899911
000000488723032023055599910
000000488723032023090499911
000000535123032023055699910
000000535123032023055699910
000000009123032023055899910
000000009123032023071799911
000000500723032023055899910
000000500723032023102299920
000000500723032023112499921
000000500723032023120899930
000000500723032023145899931
000000500723032023150499911
000000011023032023055999910
000000011023032023071799911
000000409723032023055999910
000000409723032023082499930
000000409723032023101099931
000000409723032023102499920
000000409723032023113099921
000000409723032023113099930
000000409723032023125699931
000000409723032023113099930
000000409723032023152699911
000000300923032023055999910
000000300923032023100499920
000000300923032023110699921
000000300923032023150699911
000000296423032023060099910
000000296423032023060099911
000000634223032023060299910
000000634223032023085399930
000000634223032023102599931
000000634223032023102599920
000000634223032023112799921
000000634223032023172099911
000000487523032023060499910
000000487523032023101199920
000000487523032023111599921
000000487523032023150099911
000000525123032023060599910
000000525123032023110799920
000000525123032023121299921
000000525123032023142799911
000000622223032023061399910
000000622223032023101999920
000000622223032023113099921
000000622223032023171299911
000000171123032023061599910
000000171123032023095799911
000000296423032023062199910
000000296423032023100399920
000000296423032023110499921
000000296423032023164099911
000000830923032023065599910
000000830923032023122499920
000000830923032023132699921
000000830923032023132699921
000000830923032023160599911
000000591323032023065699910
000000591323032023120599920
000000591323032023130699921
000000591323032023163099911
000000634123032023065699910
000000634123032023115299920
000000634123032023125299921
000000634123032023163099911
000000452823032023065799910
000000590923032023065799910
000000590923032023123099920
000000590923032023133399921
000000590923032023170599911
000000414423032023065899910
000000414423032023065899911
000000007423032023065999910
000000007423032023065999911
000000689223032023065999910
000000689223032023120399920
000000689223032023130399921
000000689223032023153599911
000000006823032023065999910
000000006823032023085299930
000000006823032023104999931
000000006823032023105999920
000000006823032023120099921
000000006823032023131899911
000000007923032023070099910
000000007923032023070099911
000000007723032023070099910
000000007723032023115699920
000000007723032023125799921
000000007723032023173099911
000000007523032023070099910
000000239523032023070099910
000000239523032023114799920
000000239523032023161699911
000000007523032023070099910
000000007523032023070099910
000000007523032023070099910
000000007523032023070099911
000000007823032023070199910
000000007823032023105799920
000000007823032023130599921
000000007823032023130699911
000000731523032023070199910
000000731523032023112099920
000000731523032023122199921
000000731523032023160199911
000000007023032023070299910
000000007023032023085499930
000000007023032023101199931
000000007023032023101199931
000000007023032023101199931
000000007023032023120099911
000000652423032023070499910
000000652423032023070599911
000000153323032023071599910
000000153323032023112099920
000000153323032023132199921
000000153323032023172799911
000000652423032023071699910
000000652423032023125599920
000000652423032023135799921
000000652423032023135799911
000000306823032023072099910
000000306823032023112199920
000000306823032023132199921
000000306823032023170899911
000000009123032023072199910
000000009123032023085499911
000000731723032023072799910
000000731723032023120499920
000000731723032023140499921
000000731723032023172899911
000000190523032023072799910
000000190523032023111199920
000000190523032023130799921
000000190523032023173299911
000000268923032023072899910
000000268923032023114999920
000000268923032023125199921
000000268923032023162999911
000000021723032023072999910
000000021723032023110199920
000000021723032023130199921
000000021723032023174899911
000000052823032023073099910
000000052823032023113999920
000000052823032023124299921
000000052823032023163199911
000000034523032023073299910
000000034523032023115099920
000000034523032023135099921
000000034523032023173299911
000000535123032023074399911
000000007323032023074499910
000000007323032023104899920
000000007323032023115099921
000000007323032023153199911
000000266423032023075199910
000000266423032023120999920
000000266423032023121099920
000000266423032023132299921
000000266423032023170299911
000000535123032023075399910
000000535123032023113899920
000000535123032023124299921
000000028723032023075499910
000000028723032023075499930
000000028723032023083299931
000000028723032023083299920
000000028723032023093499921
000000416223032023075599910
000000416223032023075599930
000000695223032023075699910
000000695223032023104899911
000000905923032023075699910
000000905923032023193699911
000000631823032023075799910
000000631823032023075799930
000000631823032023080999931
000000631823032023125799920
000000631823032023135899921
000000631823032023182799911
000000210623032023075999910
000000210623032023123499920
000000210623032023133699921
000000210623032023173599911
000000846623032023080099910
000000846623032023134799920
000000846623032023153699921
000000225423032023080099910
000000225423032023115099920
000000225423032023125299921
000000225423032023170199911
000000738223032023080199910
000000738223032023122599920
000000738223032023142699921
000000738223032023180399911
000000694023032023080199910
000000694023032023125599920
000000694023032023140199921
000000694023032023170499911
000000906323032023080199910
000000906323032023124299920
000000906323032023135099921
000000906323032023170899911
000000030623032023080199910
000000030623032023080199911
000000302623032023080299910
000000302623032023120299920
000000302623032023130399921
000000302623032023170099911
000000408923032023080399910
000000408923032023122499920
000000408923032023132599921
000000408923032023170899911
000000063823032023080399910
000000063823032023080399911
000000292123032023080699910
000000292123032023144299920
000000292123032023173399921
000000292123032023174899911
000000030623032023080999910
000000030623032023171999911
000000414423032023081799910
000000414423032023120999920
000000414423032023131199921
000000414423032023174199911
000000746723032023085199910
000000746723032023130799920
000000746723032023143799921
000000746723032023181399911
000000488723032023091199910
000000488723032023120199920
000000488723032023130199921
000000488723032023162899911
000000609923032023095599910
000000609923032023095699911
000000890123032023095599910
000000890123032023143599920
000000890123032023153699921
000000890123032023184099911
000000859023032023095799910
000000859023032023144499920
000000859023032023155699921
000000859023032023191799911
000000487423032023095999910
000000487423032023112799911
000000171123032023100099910
000000171123032023110499920
000000171123032023120599921
000000171123032023144599911
000000007923032023105699910
000000007923032023105799920
000000007923032023125999921
000000007923032023125999911
000000009123032023105899910
000000009123032023105899911
000000764123032023105999910
000000764123032023142899920
000000764123032023153199921
000000764123032023204299911
000000007523032023110099910
000000007523032023110099910
000000007523032023110099910
000000007523032023110099920
000000007523032023130099921
000000007523032023110099910
000000007423032023110199910
000000007423032023110199920
000000007423032023130299921
000000007423032023130299911
000000883723032023110199910
000000883723032023140099920
000000883723032023150299921
000000883723032023191999911
000000452823032023110999910
000000452823032023131599920
000000452823032023141899921
000000452823032023131599920
000000452823032023141899921
000000452823032023131599920
000000452823032023141899921
000000452823032023141899920
000000452823032023141899921
000000452823032023145499911
000000487423032023112199910
000000487423032023161399911
000000609923032023113799910
000000609923032023113799910
000000609923032023142899911
000000695223032023114899910
000000695223032023114899910
000000695223032023120099920
000000695223032023130299921
000000695223032023114899910
000000149423032023123199910
000000149423032023130599911
000000030623032023123199910
000000030623032023123199920
000000030623032023133499921
000000007523032023130099911
000000416223032023135699910
000000416223032023151599930
000000416223032023161299931
000000416223032023172199930
000000416223032023173899931
000000416223032023173899911
000000011023032023110099920
000000011023032023120199921
000000011023032023143199911
000000609923032023143499910
000000609923032023151899920
000000609923032023161999921
000000695223032023160599911
000000695223032023160599911
000000695223032023160599911
000000695223032023160599911
000000695223032023160599911
000000695223032023160599911
000000695223032023160599911
000000695223032023160599911
000000695223032023160599911
000000695223032023160599911
000000695223032023160599911
000000695223032023160599911
000000007823032023160699910
000000007823032023160699911
000000007923032023161699910
000000007923032023161699911
000000487423032023161999910
000000487423032023183499920
000000487423032023193899921
000000487423032023210099911
000000007523032023162799910
000000007523032023162799910
000000007523032023162799911
000000007423032023164499910
000000007423032023164499911
000000006823032023164899910
000000006823032023164899911
000000063823032023171499910
000000063823032023171499911
000000652423032023171499910
000000652423032023171599911
000000149423032023175499910
000000149423032023175499920
000000149423032023185799921
000000149423032023185799911
000000149423032023213299910
000000149423032023213599911
000000011023032023110099920
000000011023032023110099920
000000011023032023110099920
