000000006830012023050099910
000000006830012023071999930
000000006830012023080199931
000000006830012023071999930
000000006830012023090799930
000000006830012023102599931
000000006830012023103399920
000000006830012023113499921
000000006830012023103399920
000000006830012023050099910
000000006630012023052099910
000000006630012023115499920
000000006630012023125599921
000000006630012023155099911
000000525130012023055899910
000000525130012023111399920
000000525130012023121699921
000000525130012023141799911
000000007030012023060199910
000000007030012023081399930
000000007030012023084299931
000000007030012023091199930
000000007030012023101199931
000000007030012023113899920
000000007030012023124299921
000000007030012023132099930
000000007030012023133199931
000000007030012023140299911
000000500730012023060399910
000000500730012023085599930
000000500730012023101599931
000000500730012023104099920
000000500730012023114199921
000000500730012023114199930
000000500730012023124499931
000000500730012023152499911
000000300930012023060499910
000000300930012023100099920
000000300930012023110499921
000000300930012023172499911
000000487530012023060499910
000000487530012023075799911
000000634230012023060899910
000000634230012023103199911
000000409730012023060999910
000000409730012023092299930
000000409730012023101099931
000000409730012023101099931
000000409730012023101099920
000000409730012023111599921
000000409730012023111599930
000000409730012023130299931
000000409730012023160299911
000000171130012023061199910
000000171130012023061399911
000000007830012023062499910
000000007830012023102599920
000000007930012023065699910
000000007930012023065699911
000000007430012023065699910
000000007430012023065699911
000000487430012023065799910
000000487430012023110899920
000000487430012023121199921
000000007230012023065799910
000000007230012023065799911
000000830930012023065799910
000000830930012023071799911
000000590930012023065899911
000000590930012023065899910
000000006730012023065899910
000000006730012023065899911
000000590930012023065899910
000000590930012023065899911
000000007530012023065999910
000000007530012023065999911
000000652430012023065999910
000000652430012023111399911
000000591330012023070099910
000000591330012023124999920
000000591330012023135099921
000000591330012023161699911
000000689230012023070099910
000000689230012023120099920
000000689230012023130199921
000000689230012023160099911
000000007630012023070199910
000000007630012023105799920
000000007630012023125699921
000000007630012023140399911
000000005730012023070199910
000000005730012023110099920
000000005730012023130099921
000000005730012023110099920
000000005730012023130099921
000000005730012023133799911
000000731530012023070499910
000000731530012023121899920
000000731530012023131999921
000000731530012023161599911
000000452830012023070899910
000000452830012023110399920
000000452830012023120699921
000000452830012023152199911
000000006530012023071099910
000000006530012023114999920
000000006530012023125299921
000000006530012023173799911
000000622230012023071199910
000000622230012023111199911
000000731730012023071599910
000000731730012023120099920
000000731730012023140199921
000000153330012023071699910
000000153330012023115999920
000000153330012023140099921
000000153330012023171599911
000000306830012023072099910
000000306830012023110999920
000000306830012023130999921
000000306830012023170099911
000000009130012023072499910
000000009130012023110299920
000000009130012023130499921
000000190530012023072799910
000000190530012023110599920
000000190530012023130799921
000000488730012023072899910
000000488730012023113699920
000000488730012023123699921
000000052830012023072999910
000000052830012023120199920
000000052830012023130299921
000000535130012023072999910
000000535130012023115099920
000000535130012023125399921
000000483230012023072999910
000000483230012023114399920
000000483230012023124399921
000000266430012023075099910
000000266430012023120699920
000000266430012023131699921
000000266430012023170399911
000000781230012023075299910
000000781230012023144599920
000000781230012023154699921
000000781230012023160499911
000000416230012023075599910
000000416230012023114599920
000000416230012023134799921
000000416230012023135599911
000000197430012023075599910
000000197430012023075599930
000000197430012023081699931
000000197430012023083499930
000000197430012023084499931
000000197430012023085599930
000000197430012023091399931
000000197430012023091899930
000000197430012023092599931
000000197430012023093599930
000000197430012023095299931
000000197430012023095699930
000000197430012023100499931
000000197430012023101399930
000000197430012023102099931
000000197430012023102099931
000000197430012023103199930
000000197430012023104199931
000000197430012023105099930
000000197430012023110299931
000000197430012023110299931
000000197430012023110499930
000000197430012023111099931
000000197430012023112299930
000000197430012023113299931
000000197430012023114599930
000000197430012023120099931
000000197430012023120099920
000000197430012023130199921
000000197430012023130199930
000000197430012023140599931
000000197430012023140599931
000000197430012023140599931
000000197430012023141599930
000000197430012023142499931
000000197430012023143799930
000000197430012023144399931
000000197430012023145099930
000000197430012023150899931
000000197430012023151199930
000000197430012023151499931
000000197430012023152699930
000000197430012023152999931
000000197430012023153899930
000000197430012023154499931
000000197430012023154799930
000000197430012023154899931
000000631830012023075599910
000000631830012023075599930
000000631830012023080999931
000000631830012023121199920
000000631830012023131299921
000000631830012023165799911
000000210630012023075899910
000000210630012023111799920
000000210630012023122099921
000000210630012023170099911
000000292630012023080099910
000000292630012023080499911
000000738230012023080099910
000000738230012023110099920
000000738230012023130199921
000000738230012023180099911
000000906330012023080099910
000000906330012023113499920
000000906330012023123599921
000000906330012023170599911
000000302630012023080099910
000000302630012023120399920
000000302630012023130499921
000000225430012023080199910
000000225430012023114299920
000000225430012023124399921
000000225430012023170099911
000000030630012023080399910
000000030630012023124799920
000000030630012023134899921
000000030630012023165899911
000000063830012023080499910
000000063830012023124899920
000000063830012023135299921
000000063830012023180099911
000000487530012023080599910
000000487530012023130299920
000000487530012023140399921
000000487530012023165499911
000000029030012023080799910
000000029030012023115099920
000000029030012023135099921
000000029030012023181699911
000000292130012023080899910
000000292130012023141199920
000000292130012023151999921
000000292130012023151999921
000000292130012023151999921
000000292130012023171199911
000000083630012023083099910
000000083630012023164199911
000000746730012023085099910
000000746730012023131999920
000000746730012023144099921
000000746730012023181299911
000000694030012023090199910
000000694030012023120999920
000000694030012023131599921
000000694030012023180799911
000000905930012023090299910
000000905930012023090399911
000000890130012023090399910
000000890130012023123799920
000000890130012023133899921
000000890130012023190299911
000000758330012023095999910
000000758330012023134899911
000000171130012023102099910
000000171130012023102099920
000000171130012023112199921
000000171130012023130299911
000000859030012023105599910
000000859030012023140999920
000000859030012023150999921
000000859030012023191699911
000000764130012023105599910
000000764130012023143999920
000000764130012023154299921
000000007430012023105799910
000000007430012023125899911
000000007230012023105899910
000000007230012023105899920
000000007230012023130199921
000000007230012023130199911
000000414430012023105999910
000000414430012023144999920
000000414430012023155099921
000000414430012023200899911
000000006730012023110699910
000000006730012023110699920
000000007530012023110799910
000000007530012023110799920
000000007530012023130499921
000000007530012023130499911
000000622230012023112499910
000000622230012023134499920
000000622230012023144699921
000000652430012023112699910
000000652430012023115599920
000000652430012023125699921
000000652430012023173199911
000000590930012023113399910
000000590930012023113399920
000000590930012023123599921
000000590930012023164399911
000000292630012023120199910
000000292630012023120199920
000000292630012023130299921
000000292630012023130299911
000000006830012023124299911
000000149430012023125899910
000000149430012023125999911
000000171130012023132399910
000000171130012023143199911
000000006830012023133399910
000000006830012023133399911
000000758330012023134999910
000000758330012023152799920
000000758330012023162999921
000000758330012023195299911
000000416230012023135599910
000000416230012023174099911
000000007630012023143099910
000000007630012023143099911
000000007830012023151699910
000000007830012023151699911
000000006730012023152999910
000000006730012023152999911
000000634230012023114099921
000000634230012023160899911
000000007230012023163099910
000000007230012023163099911
000000007530012023163299910
000000007530012023163299911
000000005730012023163299910
000000292630012023170599910
000000292630012023170599911
000000007730012023114999920
000000007730012023125399921
000000007730012023173199911
000000149430012023180899910
000000149430012023180899920
000000149430012023191299921
000000149430012023191299911
000000149430012023205599910
000000149430012023205599911
000000830930012023123499920
000000830930012023133699921
