000000028725042023043199910
000000028725042023072099911
000000006825042023050099910
000000006825042023085999930
000000006825042023110699931
000000006825042023111599920
000000006825042023121699921
000000006825042023140399911
000000006625042023052399910
000000006625042023102199920
000000006625042023112299921
000000006625042023163099911
000000609925042023055599910
000000609925042023091899911
000000487425042023055899910
000000487425042023061499911
000000905925042023055899910
000000905925042023081999911
000000171125042023055999910
000000171125042023100799920
000000171125042023110899921
000000171125042023145199911
000000005725042023060199910
000000005725042023105999920
000000005725042023121199921
000000005725042023143399911
000000296425042023060399910
000000296425042023100599920
000000296425042023110699921
000000296425042023111099911
000000409725042023060399910
000000409725042023101199930
000000409725042023103399931
000000409725042023103399931
000000409725042023103399920
000000409725042023113499921
000000409725042023113499930
000000409725042023124699931
000000409725042023164399911
000000634225042023060399910
000000634225042023103399911
000000487525042023060499910
000000487525042023100299920
000000487525042023110399921
000000487525042023141599911
000000306825042023061099910
000000306825042023113199920
000000306825042023133199921
000000306825042023171899911
000000487425042023061699910
000000487425042023113099920
000000487425042023123299921
000000487425042023155099911
000000525125042023061899910
000000525125042023112299920
000000525125042023122399921
000000622225042023062499910
000000622225042023062499911
000000622225042023063699910
000000622225042023110999920
000000622225042023121499921
000000007625042023063699910
000000007625042023063699911
000000007325042023065499910
000000007325042023105299920
000000007325042023115399921
000000007325042023173099911
000000006525042023065499910
000000006525042023110299920
000000006525042023130399921
000000006525042023130499911
000000006725042023065599910
000000006725042023065599911
000000007825042023065599910
000000007825042023105999920
000000007825042023130099921
000000007825042023135499911
000000007425042023065699910
000000007425042023065699911
000000007925042023065699910
000000007925042023065699911
000000083625042023065699910
000000083625042023070199930
000000830925042023065699910
000000830925042023121799920
000000830925042023131899921
000000830925042023121799920
000000830925042023171799911
000000634125042023065899910
000000634125042023123099920
000000634125042023133199921
000000634125042023161799911
000000500725042023065999910
000000500725042023090699930
000000500725042023104599931
000000500725042023113599920
000000500725042023123699921
000000500725042023123699930
000000500725042023141299931
000000590925042023070199910
000000590925042023120599920
000000590925042023130699921
000000590925042023151199911
000000591325042023070199910
000000591325042023134699920
000000591325042023144899921
000000591325042023151599911
000000408925042023070299910
000000408925042023070299910
000000408925042023070299910
000000408925042023070299910
000000408925042023120499920
000000408925042023130599921
000000639125042023070399910
000000639125042023121099920
000000639125042023131399921
000000639125042023121099920
000000639125042023152699911
000000689225042023070399910
000000689225042023115299920
000000689225042023125299921
000000689225042023141199911
000000239525042023070799910
000000239525042023110499920
000000239525042023120599921
000000239525042023164499911
000000452825042023070999910
000000153325042023072099910
000000153325042023114199920
000000153325042023134199921
000000153325042023171699911
000000034525042023072599910
000000034525042023113499920
000000034525042023133499921
000000034525042023172599911
000000190525042023072599910
000000190525042023111699920
000000190525042023132299921
000000190525042023173599911
000000652425042023072699910
000000652425042023121899920
000000652425042023132199921
000000652425042023173899911
000000488725042023072799910
000000488725042023113599920
000000488725042023123599921
000000488725042023174099911
000000268925042023072799910
000000268925042023113299920
000000268925042023123599921
000000268925042023163199911
000000731725042023072799910
000000731725042023120099920
000000731725042023140099921
000000731725042023173799911
000000021725042023072799910
000000021725042023114099920
000000021725042023134099921
000000021725042023173099911
000000052825042023072999910
000000052825042023114199920
000000052825042023124399921
000000052825042023165599911
000000483225042023072999910
000000483225042023120799920
000000483225042023130999921
000000483225042023163599911
000000846625042023074699910
000000846625042023124099920
000000846625042023143099921
000000846625042023174999911
000000266425042023075099910
000000266425042023120199920
000000266425042023131499921
000000266425042023170499911
000000007725042023075099910
000000007725042023105699920
000000007725042023115899921
000000007725042023153099911
000000030625042023075199910
000000030625042023115799920
000000030625042023125899921
000000030625042023161199911
000000631825042023075599910
000000631825042023075599930
000000631825042023080699931
000000631825042023080699911
000000197425042023075599910
000000197425042023075599930
000000197425042023084899931
000000197425042023090199930
000000197425042023090999931
000000197425042023094499930
000000197425042023095699931
000000197425042023105399930
000000197425042023105999931
000000197425042023113099930
000000197425042023120299931
000000197425042023120299920
000000197425042023130499921
000000197425042023131599930
000000197425042023142199931
000000197425042023142199931
000000197425042023151799930
000000197425042023152699931
000000197425042023160899930
000000416225042023075599910
000000416225042023075699930
000000416225042023120699931
000000416225042023120699920
000000416225042023140799921
000000299125042023075799910
000000299125042023112999920
000000299125042023123099921
000000299125042023170899911
000000210625042023075899910
000000210625042023114299920
000000210625042023124399921
000000210625042023175399911
000000292625042023075999910
000000292625042023080099911
000000736125042023080099910
000000736125042023115499920
000000736125042023125499921
000000736125042023170099911
000000906325042023080099910
000000906325042023130199920
000000906325042023140199921
000000906325042023170099911
000000738225042023080099910
000000738225042023121599920
000000738225042023141699921
000000738225042023180899911
000000767525042023080099910
000000767525042023123199920
000000767525042023133399921
000000767525042023170299911
000000302625042023080199910
000000302625042023120199920
000000302625042023130299921
000000695225042023080299910
000000695225042023121199920
000000695225042023131499921
000000063825042023080499910
000000063825042023124399920
000000063825042023134499921
000000063825042023175699911
000000742525042023080599910
000000742525042023124699920
000000742525042023134799921
000000742525042023180999911
000000292125042023080699910
000000292125042023133899920
000000292125042023143999921
000000292125042023170399911
000000905925042023082199910
000000905925042023124699920
000000905925042023134899921
000000905925042023134899921
000000617925042023082199910
000000617925042023102999930
000000617925042023103999931
000000617925042023120199920
000000617925042023140199921
000000617925042023171399911
000000746725042023084999910
000000746725042023102199930
000000746725042023105999931
000000746725042023130399920
000000746725042023143399921
000000746725042023181099911
000000890125042023085699910
000000890125042023124099920
000000890125042023134199921
000000890125042023180099911
000000694025042023090199910
000000694025042023123199920
000000694025042023133899921
000000694025042023180299911
000000007025042023090199910
000000007025042023124599920
000000007025042023134799921
000000007025042023190999911
000000292625042023090199910
000000292625042023100899930
000000292625042023120899931
000000292625042023120899931
000000292625042023123899911
000000609925042023095499910
000000609925042023124299920
000000609925042023134399921
000000609925042023172199911
000000007625042023104199910
000000007625042023113099920
000000007625042023123099921
000000007625042023151899911
000000414425042023105599910
000000414425042023141099920
000000414425042023151199921
000000414425042023191699911
000000007525042023105899910
000000007525042023105899920
000000007525042023125999921
000000007525042023105899920
000000007525042023125999911
000000764125042023105999910
000000764125042023140099920
000000764125042023150299921
000000764125042023205299911
000000007925042023105999910
000000007925042023105999920
000000007925042023125999921
000000007925042023125999911
000000007425042023110199910
000000007425042023110199920
000000007425042023130199921
000000007425042023130199911
000000883725042023110799910
000000883725042023140099920
000000883725042023150699921
000000883725042023140099920
000000883725042023184999911
000000296425042023113399910
000000296425042023141799911
000000452825042023113499910
000000452825042023122299920
000000452825042023132399921
000000452825042023180399911
000000006725042023113699910
000000006725042023113699920
000000006725042023123699921
000000006725042023123699921
000000006725042023123699911
000000631825042023121299910
000000631825042023121399920
000000631825042023131499921
000000631825042023131599911
000000292625042023124499910
000000292625042023124599920
000000292625042023134699921
000000292625042023134699911
000000758325042023125599910
000000758325042023125599911
000000905925042023140599910
000000905925042023170399911
000000631825042023145899910
000000631825042023151699930
000000631825042023170199931
000000631825042023170199911
000000758325042023150099910
000000758325042023150099920
000000758325042023160199921
000000758325042023160199911
000000006725042023153699910
000000006725042023153699911
000000006525042023162699910
000000006525042023162699911
000000007525042023162999910
000000007525042023162999910
000000007525042023162999911
000000007425042023162999910
000000007425042023162999911
000000007925042023163199910
000000007925042023163199911
000000007825042023163699910
000000007825042023163699911
000000634225042023163899910
000000634225042023163999911
000000292625042023170399910
000000292625042023170499911
000000292125042023170399910
000000292125042023170699911
000000030625042023175699910
000000030625042023175699911
000000758325042023205699910
000000758325042023205699911
