000000028714042023043099910
000000028714042023073099911
000000006714042023050099910
000000006714042023052299930
000000006714042023053199931
000000006714042023071599930
000000006714042023080999931
000000006714042023092999930
000000006714042023104399931
000000006714042023092999930
000000006714042023104399920
000000006714042023114399921
000000006714042023123899930
000000006714042023124899931
000000006714042023133599911
000000007314042023050099910
000000007314042023081599911
000000006614042023053299910
000000006614042023100099920
000000006614042023110099921
000000006614042023160999911
000000487414042023055699910
000000487414042023120099920
000000487414042023130399921
000000535114042023055699910
000000535114042023074699911
000000296414042023060099910
000000296414042023100399920
000000296414042023110399921
000000296414042023110399911
000000007014042023060099910
000000007014042023060199911
000000171114042023060199910
000000171114042023100299920
000000171114042023110499921
000000171114042023160999911
000000525114042023060299910
000000525114042023113199920
000000525114042023123499921
000000525114042023155699911
000000487514042023060599910
000000487514042023100099920
000000487514042023110199921
000000487514042023183799911
000000409714042023060699910
000000409714042023060699911
000000634214042023061099910
000000634214042023061199911
000000409714042023061299910
000000409714042023075599930
000000409714042023085999931
000000409714042023100199920
000000409714042023110699921
000000409714042023110699930
000000409714042023122799931
000000409714042023122899931
000000409714042023131899930
000000409714042023174199931
000000634114042023065599910
000000634114042023114199920
000000634114042023124299921
000000634114042023151799911
000000007414042023065599910
000000007414042023111899920
000000007414042023131999921
000000007414042023131999911
000000590914042023065699910
000000590914042023120099920
000000590914042023130199921
000000590914042023165099911
000000830914042023065699910
000000830914042023113999920
000000830914042023124099921
000000830914042023124099921
000000830914042023173799911
000000007514042023065799910
000000007514042023065799911
000000639114042023065799910
000000639114042023130599920
000000639114042023140699921
000000639114042023155299911
000000006514042023065799910
000000006514042023065799911
000000689214042023065799910
000000689214042023115399920
000000689214042023125599921
000000689214042023153699911
000000007914042023065899910
000000007914042023065899911
000000083614042023065999910
000000083614042023070499930
000000083614042023084899931
000000083614042023132599920
000000083614042023152999921
000000083614042023152999921
000000083614042023170199911
000000622214042023065999910
000000622214042023095099911
000000006814042023070099910
000000006814042023083699930
000000006814042023093699931
000000006814042023110099920
000000006814042023130199921
000000006814042023130199911
000000591314042023070399910
000000591314042023114299920
000000591314042023124499921
000000591314042023124499921
000000591314042023163299911
000000452814042023070399910
000000239514042023070699910
000000239514042023113699920
000000239514042023123899921
000000239514042023162999911
000000153314042023071799910
000000153314042023102899920
000000153314042023122899921
000000153314042023171099911
000000416214042023071999910
000000416214042023122099920
000000416214042023142299921
000000416214042023174499911
000000306814042023072099910
000000306814042023113399920
000000306814042023133399921
000000306814042023175099911
000000034514042023072599910
000000034514042023111199920
000000034514042023131199921
000000034514042023160899911
000000488714042023072599910
000000488714042023072799911
000000268914042023072799910
000000268914042023121899920
000000268914042023132199921
000000268914042023163099911
000000483214042023072799910
000000483214042023120299920
000000483214042023130399921
000000483214042023162899911
000000731714042023072799910
000000731714042023120099920
000000731714042023140199921
000000731714042023172899911
000000190514042023072899910
000000190514042023110699920
000000190514042023130999921
000000190514042023173399911
000000052814042023072899910
000000052814042023115799920
000000052814042023125999921
000000021714042023072899910
000000021714042023110199920
000000021714042023130199921
000000021714042023180599911
000000652414042023073199910
000000652414042023123999920
000000652414042023134199921
000000292614042023074599910
000000292614042023120799920
000000292614042023131099921
000000292614042023172699911
000000266414042023075199910
000000266414042023121099920
000000266414042023132099921
000000266414042023170299911
000000007714042023075199910
000000007714042023111899920
000000007714042023122099921
000000007714042023153099911
000000488714042023075399910
000000488714042023112999920
000000488714042023123199921
000000488714042023163799911
000000695214042023075599910
000000695214042023122199920
000000695214042023132299921
000000695214042023170699911
000000631814042023075599910
000000631814042023075599930
000000631814042023085599931
000000631814042023085599911
000000197414042023075599910
000000197414042023075599930
000000197414042023090199931
000000197414042023091399930
000000197414042023101199931
000000197414042023101199931
000000197414042023102499930
000000197414042023105499931
000000197414042023105999930
000000197414042023121399931
000000197414042023121399920
000000197414042023131499921
000000197414042023131499930
000000197414042023170199931
000000197414042023170199911
000000299114042023075699910
000000299114042023125799920
000000299114042023135899921
000000299114042023164599911
000000408914042023075899910
000000408914042023120899920
000000408914042023131199921
000000408914042023170199911
000000210614042023075899910
000000210614042023113799920
000000210614042023123899921
000000210614042023170499911
000000738214042023080099910
000000738214042023124999920
000000738214042023145099921
000000738214042023180199911
000000736114042023080099910
000000736114042023122399920
000000736114042023135899921
000000030614042023080099910
000000030614042023080099911
000000846614042023080099910
000000846614042023120999920
000000846614042023135599921
000000846614042023183099911
000000906314042023080199910
000000906314042023123799920
000000906314042023133799921
000000906314042023170499911
000000302614042023080299910
000000302614042023120399920
000000302614042023130499921
000000302614042023170499911
000000292114042023080699910
000000292114042023125399920
000000292114042023135599921
000000292114042023172299911
000000767514042023081099910
000000767514042023120799920
000000767514042023130999921
000000767514042023171899911
000000063814042023081299910
000000063814042023124999920
000000063814042023135199921
000000063814042023180099911
000000742514042023081999910
000000742514042023122499920
000000742514042023132899921
000000742514042023172299911
000000030614042023082599910
000000030614042023104299911
000000007814042023082999910
000000007814042023082999911
000000617914042023083199910
000000617914042023104699930
000000617914042023112099931
000000617914042023120399920
000000617914042023140799921
000000617914042023172799911
000000343214042023084499910
000000343214042023172599911
000000746714042023085099910
000000746714042023130399920
000000746714042023143599921
000000746714042023181299911
000000890114042023090199910
000000890114042023120199920
000000890114042023130599921
000000890114042023182199911
000000694014042023090299910
000000694014042023122299920
000000694014042023132699921
000000694014042023180299911
000000007814042023100199910
000000007814042023180099911
000000758314042023100199910
000000758314042023142399920
000000758314042023152499921
000000622214042023102099910
000000622214042023132499911
000000030614042023105399910
000000030614042023125299920
000000030614042023135699921
000000030614042023145399911
000000414414042023105599910
000000414414042023154999920
000000414414042023165399921
000000414414042023191699911
000000007514042023105699910
000000007514042023105699920
000000007514042023130099921
000000007514042023130099911
000000006514042023105799910
000000006514042023105799920
000000006514042023125999921
000000006514042023125999911
000000535114042023105799910
000000535114042023140999920
000000535114042023151199921
000000535114042023183099911
000000764114042023105799910
000000764114042023151899920
000000764114042023170699921
000000764114042023204699911
000000883714042023105899910
000000883714042023130099920
000000883714042023140299921
000000883714042023195099911
000000007914042023111299910
000000007914042023111299920
000000007914042023121799921
000000007914042023121799911
000000296414042023112599910
000000296414042023141999911
000000452814042023114799910
000000452814042023123499920
000000452814042023133599921
000000452814042023152999911
000000634214042023120499910
000000634214042023154599911
000000631814042023121399910
000000631814042023121399920
000000631814042023131399921
000000631814042023131399930
000000631814042023154399931
000000631814042023170099911
000000500714042023125999910
000000622214042023133799910
000000622214042023140799920
000000622214042023152299921
000000622214042023171799911
000000007014042023144399910
000000007014042023144399911
000000609914042023145599910
000000609914042023145599911
000000452814042023152799910
000000452814042023160599911
000000007514042023155999910
000000007514042023155999911
000000030614042023162999910
000000007414042023163699910
000000007414042023163699911
000000006814042023163799910
000000006814042023163799911
000000006514042023164299910
000000006514042023164299911
000000758314042023175699910
000000758314042023175699911
000000609914042023190199920
000000609914042023200199921
000000609914042023223099911
000000609914042023190199920
000000609914042023190199920
