000000030610032023075999911
000000006810032023050099910
000000006810032023070499930
000000006810032023074899931
000000006810032023070499930
000000006810032023070499930
000000006810032023085399930
000000006810032023110099931
000000006810032023110099920
000000006810032023120299921
000000006510032023050199910
000000006510032023072499911
000000011010032023052899910
000000011010032023065099911
000000007710032023052999910
000000007710032023065199911
000000905910032023055699910
000000905910032023055699911
000000171110032023055699910
000000171110032023110699920
000000171110032023120799921
000000171110032023153299911
000000296410032023060199910
000000296410032023111599920
000000296410032023121699921
000000296410032023160199911
000000409710032023060199910
000000409710032023095999920
000000409710032023110299921
000000409710032023152299911
000000007010032023060299910
000000007010032023082199930
000000007010032023091299931
000000007010032023095999920
000000007010032023110399921
000000007010032023110399921
000000007010032023144399911
000000300910032023060299910
000000300910032023085499911
000000525110032023060299910
000000525110032023060399911
000000634210032023060299910
000000634210032023085799930
000000634210032023101599931
000000634210032023101599920
000000634210032023111999921
000000634210032023142099911
000000487510032023060399910
000000487510032023060399911
000000622210032023061199910
000000622210032023061199911
000000007810032023062499910
000000007810032023062499911
000000622210032023063599910
000000622210032023161299911
000000487510032023064199910
000000487510032023102699911
000000011010032023065499910
000000011010032023110199920
000000011010032023120199921
000000011010032023133299911
000000007710032023065599910
000000007710032023110099911
000000830910032023065599910
000000830910032023140399921
000000830910032023194299911
000000634110032023065599910
000000634110032023134899921
000000634110032023154799911
000000590910032023065699910
000000590910032023120699920
000000590910032023152399911
000000689210032023065699910
000000689210032023120199920
000000689210032023161299911
000000083610032023065699910
000000083610032023070499930
000000083610032023131599920
000000083610032023151899921
000000083610032023131599920
000000083610032023131599920
000000083610032023170099911
000000591310032023065799910
000000591310032023122599920
000000591310032023133099921
000000591310032023151599911
000000005710032023065799910
000000005710032023095899930
000000005710032023110999931
000000007310032023065799910
000000007310032023065799911
000000731510032023065899910
000000731510032023140499921
000000731510032023161199911
000000009110032023065999910
000000009110032023111199911
000000007410032023070099910
000000007410032023070099911
000000007910032023070099910
000000007910032023070099911
000000500710032023070099910
000000500710032023101999911
000000452810032023070199910
000000652410032023070299910
000000652410032023133399921
000000652410032023152999911
000000408910032023070299910
000000408910032023133399920
000000408910032023143599921
000000408910032023172599911
000000306810032023070499910
000000306810032023110199920
000000306810032023170499911
000000239510032023070699910
000000239510032023111899920
000000239510032023121999921
000000239510032023161299911
000000007510032023070799910
000000007510032023070799911
000000153310032023071799910
000000153310032023110199920
000000153310032023172099911
000000034510032023072599910
000000034510032023114699920
000000034510032023134699921
000000034510032023180499911
000000190510032023072799910
000000190510032023111599920
000000190510032023173099911
000000021710032023072899910
000000021710032023110299920
000000021710032023173099911
000000052810032023072999910
000000052810032023115599920
000000052810032023163399911
000000268910032023072999910
000000268910032023163199911
000000731710032023072999910
000000731710032023120499920
000000731710032023140299921
000000535110032023072999910
000000535110032023114899920
000000535110032023162999911
000000488710032023073099910
000000488710032023163099911
000000266410032023075099910
000000266410032023120199920
000000266410032023131299921
000000266410032023170999911
000000416210032023075599910
000000416210032023082399931
000000416210032023085899930
000000416210032023101799931
000000416210032023101799931
000000416210032023121099920
000000416210032023141299921
000000416210032023141299930
000000416210032023142599931
000000846610032023075599910
000000846610032023122299920
000000846610032023141299921
000000846610032023174699911
000000695210032023075699910
000000695210032023120099920
000000210610032023075999910
000000210610032023113799920
000000210610032023170099911
000000030610032023075999910
000000906310032023080099910
000000906310032023142799921
000000906310032023170299911
000000225410032023080099910
000000225410032023135299921
000000225410032023175499911
000000738210032023080099910
000000738210032023115899920
000000738210032023140099921
000000738210032023181499911
000000302610032023080199910
000000302610032023173599911
000000694010032023080299910
000000694010032023080299930
000000694010032023103199931
000000694010032023122099920
000000694010032023132799921
000000694010032023170399911
000000063810032023080499910
000000063810032023080499911
000000292110032023080999910
000000292110032023115299920
000000292110032023182199911
000000029010032023081499910
000000029010032023144599921
000000029010032023180599911
000000030610032023082099910
000000030610032023141199921
000000030610032023165999911
000000525110032023082099910
000000525110032023135099921
000000525110032023142299911
000000746710032023085099910
000000746710032023131199920
000000746710032023144199921
000000746710032023181199911
000000609910032023085599910
000000609910032023134399920
000000609910032023144599921
000000609910032023181399911
000000300910032023090599910
000000300910032023100999920
000000300910032023111099921
000000487410032023095699910
000000487410032023170099920
000000487410032023180399921
000000487410032023210199911
000000781210032023100299910
000000781210032023135199921
000000781210032023200599911
000000028710032023100599911
000000500710032023102299910
000000500710032023105599920
000000500710032023115699921
000000500710032023115699930
000000500710032023152899931
000000500710032023140799930
000000500710032023152899931
000000500710032023155499911
000000487510032023103799910
000000487510032023103899920
000000487510032023113899921
000000487510032023113899911
000000883710032023105499910
000000883710032023105499910
000000883710032023154499920
000000883710032023164899921
000000883710032023154499920
000000859010032023105599910
000000859010032023145999920
000000859010032023155999921
000000859010032023191799911
000000414410032023105599910
000000414410032023161499920
000000414410032023171599921
000000414410032023195499911
000000764110032023105599910
000000764110032023141199920
000000764110032023151299921
000000764110032023201799911
000000007910032023105799910
000000007910032023105799920
000000007410032023105799910
000000007410032023105799920
000000007310032023105999910
000000007310032023105999920
000000007510032023110299910
000000007510032023110299920
000000007810032023114699910
000000007810032023153599911
000000006810032023133199910
000000006810032023133199911
000000007410032023154099910
000000007410032023154099911
000000007910032023155099910
000000007910032023155099911
000000631810032023162099910
000000631810032023162199930
000000631810032023165999931
000000631810032023165999911
000000487510032023163299910
000000487510032023163299911
000000007310032023163499910
000000007310032023163499911
000000007510032023164999910
000000007510032023164999911
000000452810032023170399911
000000452810032023170399911
000000452810032023170399911
000000452810032023170399911
000000452810032023170399911
000000452810032023170399911
000000452810032023170399911
000000452810032023170399911
000000452810032023170399911
000000452810032023170399911
000000452810032023170399911
000000452810032023170399911
000000905910032023170999910
000000905910032023170999911
000000149410032023173199910
000000149410032023173199920
000000149410032023183499921
000000149410032023183499911
000000063810032023180199910
000000063810032023180199911
000000883710032023192299911
000000883710032023192299911
000000149410032023201499910
000000149410032023201499911
