000000409726052023061199931
000000409726052023061199911
000000028726052023042599910
000000028726052023071399911
000000007426052023050099910
000000007426052023111099920
000000007426052023123199921
000000007426052023111099920
000000007426052023132899911
000000007326052023050099910
000000007326052023072199911
000000409726052023055599910
000000409726052023055599911
000000011026052023060099910
000000011026052023072399911
000000007626052023060099910
000000007626052023072599911
000000296426052023060099910
000000296426052023090599911
000000487526052023060399910
000000487526052023060399911
000000007026052023060499910
000000007026052023060499911
000000300926052023060499910
000000300926052023060499911
000000525126052023060499910
000000525126052023114199920
000000525126052023124399921
000000525126052023162399911
000000634226052023060599910
000000634226052023101899920
000000634226052023112399921
000000634226052023160299911
000000652426052023060699910
000000652426052023113599920
000000652426052023124099921
000000409726052023061199910
000000409726052023073599930
000000409726052023093099931
000000409726052023102199930
000000409726052023110599931
000000409726052023124299920
000000409726052023134999921
000000409726052023135299930
000000409726052023141599931
000000409726052023141599911
000000487526052023061299910
000000487526052023102999920
000000487526052023113299921
000000487526052023164999911
000000005726052023062199910
000000005726052023102099920
000000005726052023111999921
000000005726052023111999911
000000622226052023062599910
000000622226052023062599911
000000830926052023065599910
000000830926052023120699920
000000830926052023130799921
000000830926052023130799921
000000830926052023144199911
000000007926052023065599910
000000007926052023065599911
000000007826052023065599910
000000007826052023065599911
000000590926052023065699910
000000590926052023110099911
000000006626052023065699910
000000006626052023110799920
000000006626052023120799921
000000007726052023065699910
000000007726052023065699911
000000731526052023065699910
000000731526052023112199920
000000731526052023122299921
000000731526052023163399911
000000487426052023065799910
000000487426052023120199911
000000006726052023065799910
000000006726052023065799911
000000591326052023065799910
000000591326052023125699920
000000591326052023140799921
000000591326052023170399911
000000689226052023065899910
000000689226052023121899920
000000689226052023131999921
000000689226052023162199911
000000758326052023065999910
000000758326052023124499920
000000758326052023134499921
000000758326052023152999911
000000006826052023070099910
000000006826052023070099911
000000083626052023070199910
000000083626052023125299920
000000083626052023145399921
000000083626052023170099911
000000452826052023070799910
000000452826052023114699920
000000452826052023125399921
000000452826052023150599911
000000153326052023071599910
000000153326052023110099920
000000153326052023130199921
000000153326052023175799911
000000239526052023071899910
000000239526052023112599920
000000239526052023123199921
000000239526052023165199911
000000306826052023072099910
000000306826052023130299920
000000306826052023150299921
000000306826052023170599911
000000268926052023072699910
000000268926052023121599920
000000268926052023131699921
000000268926052023171199911
000000021726052023072799910
000000021726052023110199920
000000021726052023130199921
000000034526052023072799910
000000052826052023072799910
000000052826052023123299920
000000052826052023133399921
000000052826052023163099911
000000488726052023072799910
000000488726052023114799920
000000488726052023124999921
000000488726052023124999921
000000488726052023163099911
000000011026052023072899910
000000007626052023072999910
000000007626052023112399920
000000007626052023131899921
000000007626052023131899911
000000731726052023073099910
000000731726052023115599920
000000731726052023135799921
000000007326052023073299910
000000007326052023105299920
000000007326052023115499921
000000007326052023153099911
000000622226052023073499910
000000622226052023125099920
000000622226052023135199921
000000622226052023135199911
000000126426052023073699910
000000126426052023114399920
000000126426052023124399921
000000126426052023130899930
000000126426052023133499931
000000126426052023154099930
000000126426052023155799931
000000126426052023163599911
000000416226052023073899910
000000416226052023073899930
000000416226052023092899931
000000416226052023114299920
000000416226052023134399921
000000302626052023074599910
000000302626052023114599920
000000302626052023131199921
000000028726052023074699910
000000028726052023074699930
000000028726052023084999931
000000028726052023084999920
000000028726052023095199921
000000028726052023134199911
000000631826052023075599910
000000631826052023075599930
000000631826052023081599931
000000631826052023120099920
000000631826052023130099921
000000631826052023154499930
000000631826052023165799931
000000631826052023165799911
000000695226052023075599910
000000695226052023122099920
000000695226052023132399921
000000695226052023132399921
000000695226052023151399911
000000197426052023075599910
000000197426052023075599930
000000197426052023080099931
000000197426052023080199911
000000063826052023075699910
000000063826052023123399920
000000063826052023133499921
000000063826052023171099911
000000408926052023075799910
000000846626052023075899910
000000846626052023114999920
000000292626052023075999910
000000292626052023121199920
000000292626052023131399921
000000292626052023170199911
000000736126052023080099910
000000736126052023111799920
000000736126052023121799921
000000736126052023170299911
000000738226052023080099910
000000738226052023115699920
000000738226052023135799921
000000738226052023180399911
000000225426052023080099910
000000225426052023121099920
000000225426052023131199921
000000225426052023173999911
000000906326052023080099910
000000906326052023121599920
000000906326052023131599921
000000906326052023180299911
000000029026052023080599910
000000029026052023124099920
000000029026052023144099921
000000292126052023080699910
000000292126052023120899920
000000292126052023131099921
000000292126052023170999911
000000742526052023080799910
000000742526052023115299911
000000767526052023080799910
000000767526052023120999920
000000767526052023131099921
000000767526052023180099911
000000617926052023082299910
000000617926052023095499930
000000617926052023103099931
000000617926052023120099920
000000617926052023140299921
000000617926052023171799911
000000746726052023085099910
000000746726052023131199920
000000746726052023144399921
000000746726052023181099911
000000890126052023085599910
000000890126052023130699920
000000890126052023140899921
000000890126052023170299911
000000535126052023085799910
000000535126052023085899911
000000609926052023092199910
000000609926052023135099920
000000609926052023145199921
000000609926052023145199911
000000296426052023094699911
000000296426052023094699910
000000296426052023122199920
000000296426052023132699921
000000296426052023132699911
000000300926052023103899910
000000300926052023103899920
000000300926052023114599921
000000007926052023105599910
000000007926052023105599911
000000007926052023105699910
000000007926052023105699920
000000007926052023125699921
000000007926052023125799911
000000007726052023105799910
000000007726052023105799920
000000007726052023130699921
000000007726052023130699911
000000414426052023105799910
000000414426052023151099920
000000414426052023161399921
000000414426052023191599911
000000883726052023110199910
000000883726052023142399920
000000883726052023153099921
000000883726052023142399920
000000883726052023110199910
000000883726052023110199910
000000905926052023110299910
000000905926052023140699920
000000905926052023150899921
000000905926052023202799911
000000006726052023111699910
000000006726052023111699920
000000006726052023130199921
000000006726052023130199921
000000006726052023130199911
000000149426052023113399910
000000149426052023113399911
000000634126052023115599910
000000634126052023173999920
000000634126052023184099921
000000634126052023173999920
000000634126052023173999920
000000634126052023173999920
000000634126052023173999920
000000634126052023173999920
000000634126052023190299911
000000487426052023120499910
000000487426052023124599920
000000487426052023134799921
000000487426052023165099911
000000483226052023135699910
000000483226052023175599920
000000483226052023185699921
000000197426052023141099910
000000197426052023142099930
000000197426052023160999931
000000197426052023163699930
000000197426052023165699931
000000197426052023165699911
000000609926052023152199910
000000609926052023152399911
000000639126052023160099910
000000639126052023160099911
000000007926052023163199911
000000695226052023165699910
000000695226052023165699910
000000695226052023165899911
000000695226052023165899911
000000695226052023165899911
000000695226052023165899911
000000695226052023165899911
000000695226052023165899911
000000695226052023165899911
000000695226052023165899911
000000695226052023165899911
000000695226052023165899911
000000695226052023165899911
000000695226052023165899911
000000695226052023165899911
000000695226052023165899911
000000695226052023165899911
000000695226052023165899911
000000695226052023165899911
000000695226052023165899911
000000695226052023165899911
000000695226052023165899911
000000695226052023165899911
000000695226052023165899911
000000695226052023165899911
000000695226052023165899911
000000695226052023165899911
000000695226052023165899911
000000695226052023165899911
000000695226052023165899911
000000695226052023165899911
000000695226052023165899911
000000695226052023165899911
000000695226052023165899911
000000149426052023172299910
000000149426052023172299920
000000149426052023182599921
000000149426052023193299911
000000883726052023184199911
