000000007808032023062199911
000000028708032023043299910
000000028708032023071699911
000000007708032023050099910
000000007708032023105299920
000000007708032023115499921
000000007708032023115499921
000000006508032023050199910
000000006508032023080199911
000000007008032023050199910
000000007008032023072799911
000000609908032023055699910
000000609908032023084799911
000000171108032023055799910
000000171108032023060199911
000000005708032023055799910
000000005708032023105999920
000000005708032023120099921
000000005708032023105999920
000000005708032023143699911
000000487508032023055799910
000000487508032023055899911
000000525108032023060299910
000000525108032023060399911
000000296408032023060599910
000000296408032023100099920
000000296408032023110199921
000000296408032023144099911
000000300908032023060599910
000000300908032023095999920
000000525108032023061699910
000000525108032023124199920
000000009108032023062399910
000000009108032023103199920
000000009108032023113299921
000000009108032023113299911
000000634108032023065599910
000000634108032023122699920
000000634108032023132799921
000000634108032023164499911
000000007808032023065699910
000000007808032023111799920
000000007808032023131799921
000000007808032023131799911
000000007408032023065699910
000000007408032023112199920
000000007408032023132299921
000000007408032023132299911
000000590908032023065699910
000000590908032023114199920
000000590908032023124399921
000000590908032023161899911
000000830908032023065699910
000000830908032023131999920
000000830908032023142199921
000000830908032023131999920
000000830908032023142199921
000000830908032023171799911
000000007908032023065699910
000000007908032023065699911
000000007508032023065799910
000000007508032023110499920
000000007508032023130499911
000000083608032023065899910
000000083608032023070699930
000000083608032023090999931
000000083608032023070699930
000000083608032023123899920
000000083608032023144099921
000000083608032023065899910
000000452808032023070099910
000000452808032023120199920
000000452808032023130199921
000000452808032023140199911
000000731508032023070199910
000000731508032023113099920
000000731508032023123299921
000000731508032023164699911
000000591308032023070199910
000000591308032023121399920
000000591308032023131499921
000000591308032023154399911
000000239508032023070199910
000000239508032023115099920
000000239508032023125199921
000000239508032023115099920
000000239508032023155599911
000000622208032023070299910
000000622208032023070299911
000000634208032023070399910
000000634208032023122299920
000000634208032023132599921
000000634208032023152399911
000000652408032023071099910
000000652408032023124999920
000000652408032023135099921
000000652408032023161299911
000000153308032023071999910
000000153308032023112999920
000000153308032023133099921
000000153308032023171699911
000000306808032023072099910
000000306808032023112399920
000000306808032023132399921
000000306808032023172099911
000000500708032023072399910
000000500708032023072499911
000000268908032023072799910
000000268908032023114999920
000000268908032023125099921
000000268908032023165899911
000000021708032023072899910
000000021708032023113099920
000000021708032023133099921
000000488708032023072899910
000000488708032023113399920
000000488708032023123399921
000000488708032023164499911
000000052808032023072899910
000000052808032023113899920
000000052808032023123999921
000000052808032023170899911
000000535108032023072899910
000000535108032023113799920
000000535108032023124199921
000000535108032023163199911
000000731708032023072999910
000000731708032023120299920
000000731708032023140299921
000000190508032023073099910
000000190508032023110699920
000000190508032023130699921
000000034508032023073799910
000000034508032023120499920
000000034508032023140499921
000000007008032023074099910
000000007008032023120399920
000000007008032023130499921
000000007008032023130599930
000000007008032023145999931
000000007008032023153199911
000000746708032023075099910
000000746708032023130699920
000000746708032023143499921
000000746708032023181299911
000000266408032023075099910
000000266408032023122699920
000000266408032023133799921
000000266408032023170199911
000000631808032023075599910
000000631808032023075599930
000000631808032023081199931
000000631808032023122899920
000000631808032023132999921
000000631808032023171799911
000000210608032023075999910
000000210608032023110699920
000000210608032023120799921
000000210608032023170199911
000000030608032023075999910
000000030608032023124899920
000000030608032023135099921
000000030608032023170599911
000000694008032023075999910
000000694008032023125499920
000000694008032023140099921
000000694008032023175299911
000000408908032023080099910
000000408908032023111099920
000000408908032023121099921
000000408908032023170199911
000000738208032023080099910
000000738208032023122299920
000000738208032023142399921
000000738208032023180299911
000000063808032023080099910
000000063808032023080099911
000000689208032023080099910
000000689208032023123899920
000000689208032023133999921
000000689208032023171299911
000000302608032023080199910
000000302608032023120299920
000000302608032023130499921
000000302608032023170099911
000000906308032023080199910
000000906308032023120199920
000000906308032023130299921
000000906308032023170199911
000000225408032023080199910
000000225408032023122099920
000000225408032023132499921
000000225408032023165999911
000000846608032023080499910
000000846608032023122199920
000000846608032023142099921
000000846608032023142099921
000000029008032023080699910
000000029008032023123599920
000000029008032023143599921
000000029008032023180099911
000000905908032023085799910
000000905908032023085799911
000000890108032023085899910
000000890108032023130899920
000000890108032023141499921
000000890108032023180899911
000000171108032023090799910
000000171108032023104999911
000000609908032023091799910
000000609908032023104099920
000000609908032023114199921
000000609908032023133599911
000000487408032023095899910
000000487408032023150199911
000000781208032023095899910
000000781208032023132699920
000000781208032023142799921
000000781208032023202599911
000000487508032023103999910
000000487508032023103999920
000000487508032023114099921
000000414408032023105599910
000000414408032023144199920
000000414408032023154299921
000000414408032023191599911
000000764108032023105599910
000000764108032023135099920
000000764108032023145299921
000000764108032023201999911
000000859008032023105699910
000000859008032023142099920
000000859008032023152799921
000000859008032023191899911
000000883708032023105799910
000000883708032023140399920
000000883708032023150899921
000000883708032023191799911
000000007908032023105999910
000000007908032023105999920
000000007908032023130099921
000000007908032023130099911
000000171108032023112099910
000000171108032023114999920
000000171108032023125499921
000000171108032023141999911
000000500708032023112499910
000000500708032023120699920
000000500708032023131099921
000000500708032023131099930
000000500708032023150599931
000000500708032023153199911
000000149408032023131899910
000000149408032023131999911
000000300908032023142599910
000000300908032023142599911
000000487408032023150999910
000000487408032023181299920
000000487408032023191599921
000000009108032023155199910
000000009108032023155199911
000000083608032023170399911
000000007508032023170499910
000000007508032023170499911
000000063808032023171799910
000000063808032023171799911
000000905908032023173699910
000000905908032023173699911
000000007808032023173899910
000000007808032023173899911
000000007908032023174299910
000000007908032023174299911
000000149408032023181799910
000000149408032023181799920
000000149408032023192199921
000000149408032023192199911
000000149408032023220299910
000000149408032023220399911
