000000028710022023043199910
000000028710022023072799911
000000007610022023045699910
000000007610022023073399911
000000006710022023045799910
000000006710022023052199930
000000006710022023054699931
000000006710022023072699930
000000006710022023081399931
000000006710022023092399930
000000006710022023105499931
000000006710022023110099920
000000006710022023120099921
000000006710022023124399930
000000006710022023124899931
000000006710022023131699930
000000006710022023133099931
000000006710022023133099911
000000007310022023054999910
000000007310022023054999911
000000409710022023055599910
000000409710022023055599911
000000609910022023055599910
000000609910022023080399911
000000171110022023055599910
000000171110022023090599911
000000011010022023055899910
000000011010022023072099911
000000487410022023055999910
000000487410022023060499911
000000007010022023055999910
000000007010022023081599930
000000007010022023090399931
000000007010022023093599930
000000007010022023094699931
000000007010022023093599930
000000007010022023094699920
000000007010022023104899921
000000007010022023115899930
000000007010022023123799931
000000007010022023135999940
000000007010022023142799941
000000007010022023142799911
000000296410022023060099910
000000296410022023100499920
000000296410022023110599921
000000296410022023150199911
000000738210022023060199910
000000738210022023123499920
000000738210022023143699921
000000738210022023180099911
000000525110022023060199910
000000525110022023110399920
000000525110022023120699921
000000525110022023181299911
000000300910022023060199910
000000300910022023101999920
000000300910022023112099921
000000300910022023112099911
000000487410022023060699910
000000487410022023100899920
000000487410022023111199921
000000487410022023152099911
000000487510022023060799910
000000487510022023100399920
000000487510022023110899921
000000487510022023145499911
000000409710022023061399910
000000409710022023072899930
000000409710022023090699931
000000409710022023095999920
000000409710022023110199921
000000409710022023110199930
000000409710022023114899931
000000409710022023141599911
000000005710022023062799910
000000005710022023080399911
000000006610022023063099910
000000006610022023104099911
000000452810022023064399910
000000452810022023120199920
000000452810022023130699921
000000639110022023065599910
000000639110022023113999920
000000639110022023123999921
000000639110022023113999920
000000639110022023165999911
000000634110022023065599910
000000634110022023111899920
000000634110022023121999921
000000634110022023164999911
000000590910022023065699910
000000590910022023115399920
000000590910022023125599921
000000590910022023152399911
000000830910022023065699910
000000830910022023072499911
000000007410022023065699910
000000007410022023065699911
000000239510022023065699910
000000239510022023105199920
000000239510022023115299921
000000239510022023155599911
000000006510022023065799910
000000006510022023065799911
000000007810022023065799910
000000007810022023105999920
000000007810022023130199921
000000007810022023130199911
000000007510022023065799910
000000007510022023065799911
000000591310022023065899910
000000591310022023125399920
000000591310022023135499921
000000591310022023151799911
000000731510022023065899910
000000731510022023122599920
000000731510022023132799921
000000731510022023173199911
000000652410022023065999910
000000652410022023114699920
000000652410022023130699921
000000652410022023130699921
000000652410022023153299911
000000006810022023070099910
000000006810022023070099911
000000225410022023070599910
000000225410022023113599920
000000225410022023123999921
000000225410022023170099911
000000052810022023072599910
000000052810022023115499920
000000052810022023125699921
000000034510022023072699910
000000034510022023110899920
000000034510022023130899921
000000034510022023173799911
000000731710022023072799910
000000731710022023120099920
000000731710022023140099921
000000731710022023172799911
000000021710022023072899910
000000021710022023110099920
000000021710022023130199921
000000021710022023175899911
000000488710022023072899910
000000488710022023113799920
000000488710022023123799921
000000488710022023162899911
000000483210022023072899910
000000483210022023113199920
000000483210022023123399921
000000483210022023164799911
000000830910022023072999910
000000830910022023104899911
000000007610022023074099910
000000007610022023113299920
000000007610022023123599921
000000007610022023160299911
000000343210022023074499910
000000343210022023132599920
000000343210022023152299921
000000343210022023174899911
000000695210022023075599910
000000695210022023122299920
000000695210022023132399921
000000695210022023132399921
000000695210022023175199911
000000416210022023075599910
000000416210022023075699930
000000416210022023121699931
000000416210022023122999920
000000416210022023142999921
000000416210022023173599911
000000758310022023075599910
000000758310022023131399920
000000758310022023141499921
000000758310022023151799911
000000197410022023075599910
000000197410022023075599930
000000197410022023081399931
000000197410022023081399931
000000197410022023082399930
000000197410022023083099931
000000197410022023084099930
000000197410022023085099931
000000197410022023085099931
000000197410022023085699930
000000197410022023090099931
000000197410022023090799930
000000197410022023091599931
000000197410022023091599931
000000197410022023091999930
000000197410022023092599931
000000197410022023092799930
000000197410022023093699931
000000197410022023093999930
000000197410022023095499931
000000197410022023095499931
000000197410022023100299930
000000197410022023101199931
000000197410022023101799930
000000197410022023103299931
000000197410022023103699930
000000197410022023104599931
000000197410022023105299930
000000197410022023110399931
000000197410022023111099930
000000197410022023111899931
000000197410022023112499930
000000197410022023113299931
000000197410022023114399930
000000197410022023115099931
000000197410022023120199930
000000197410022023120399931
000000197410022023120399920
000000197410022023130599921
000000197410022023130599930
000000197410022023133899931
000000197410022023134599930
000000197410022023140699931
000000197410022023140699931
000000197410022023141899930
000000197410022023142699931
000000197410022023143899930
000000197410022023145999931
000000197410022023145999931
000000197410022023150299930
000000197410022023150699931
000000197410022023151899930
000000197410022023152799931
000000197410022023153299930
000000197410022023165699931
000000197410022023165699931
000000197410022023165699931
000000197410022023165799911
000000268910022023075699910
000000268910022023120499920
000000268910022023130599921
000000268910022023173799911
000000846610022023075799910
000000846610022023112099920
000000846610022023130899921
000000846610022023173599911
000000408910022023075799910
000000408910022023122399920
000000408910022023132599921
000000408910022023170199911
000000030610022023075899910
000000030610022023122699920
000000030610022023132799921
000000030610022023172799911
000000292610022023075899910
000000292610022023120299920
000000292610022023130499921
000000292610022023130499911
000000210610022023075899910
000000210610022023114099920
000000210610022023124199921
000000210610022023180499911
000000302610022023080099910
000000302610022023120299920
000000302610022023130499921
000000302610022023170099911
000000906310022023080099910
000000906310022023123399920
000000906310022023133499921
000000906310022023170199911
000000767510022023080599910
000000767510022023123799920
000000767510022023134099921
000000767510022023171599911
000000028710022023080899910
000000028710022023083399920
000000028710022023093599921
000000028710022023123899930
000000028710022023134499931
000000028710022023134499911
000000030610022023081199910
000000030610022023122299911
000000063810022023081899910
000000063810022023081899911
000000029010022023082399910
000000029010022023121599920
000000029010022023141499921
000000029010022023145599930
000000029010022023161699931
000000029010022023181499911
000000609910022023083499910
000000609910022023133699920
000000609910022023143899921
000000609910022023181199911
000000083610022023083799910
000000083610022023163599911
000000746710022023085099910
000000746710022023113799920
000000746710022023130899921
000000746710022023181899911
000000890110022023085999910
000000890110022023181399911
000000694010022023090099910
000000694010022023121199920
000000694010022023132399921
000000694010022023180899911
000000859010022023095599910
000000859010022023142899920
000000859010022023152899921
000000859010022023192999911
000000171110022023100099910
000000171110022023100099920
000000171110022023110599921
000000781210022023100499910
000000781210022023124299920
000000781210022023134299921
000000781210022023201299911
000000006610022023104299910
000000006610022023104299920
000000006610022023115099921
000000006610022023153699911
000000414410022023105599910
000000414410022023145299920
000000414410022023155399921
000000414410022023184099911
000000905910022023105699910
000000905910022023105699911
000000007410022023105799910
000000007410022023105799920
000000007410022023125799921
000000007410022023125799911
000000006510022023105799910
000000006510022023105799920
000000006510022023130099921
000000006510022023130099911
000000007310022023105899910
000000007310022023105899920
000000007310022023130099921
000000007310022023130099911
000000007510022023105899910
000000007510022023105899920
000000007510022023130199921
000000007510022023105899920
000000007510022023130199911
000000007910022023105999910
000000007910022023105999920
000000007910022023125999921
000000007910022023125999911
000000883710022023110599910
000000883710022023142599920
000000883710022023152699921
000000883710022023142599920
000000883710022023193699911
000000300910022023112499910
000000300910022023155699911
000000830910022023112599910
000000830910022023125199920
000000830910022023135299921
000000830910022023161999911
000000006810022023113099910
000000006810022023113099920
000000006810022023123399921
000000006810022023123399911
000000149410022023130299910
000000149410022023130299911
000000006510022023135899910
000000006510022023135899911
000000764110022023141499911
000000764110022023141799910
000000764110022023141899920
000000764110022023152199921
000000764110022023170099911
000000171110022023152499910
000000171110022023161199911
000000758310022023152499910
000000758310022023191299911
000000007310022023153099910
000000007310022023153099911
000000005710022023155499910
000000005710022023173199911
000000007410022023162899910
000000007410022023162899911
000000007910022023163099910
000000007910022023163099911
000000830910022023163899910
000000830910022023190799911
000000007810022023163899910
000000007810022023163899911
000000634110022023165299910
000000634110022023165299911
000000007510022023170699910
000000063810022023173599910
000000063810022023173699911
000000149410022023174399910
000000149410022023174399920
000000149410022023184699921
000000149410022023184699911
000000292610022023180499910
000000292610022023182899911
000000905910022023202399910
000000905910022023202399911
000000149410022023202899910
000000149410022023204399911
