000000030606032023075899911
000000006806032023050099910
000000006806032023071299930
000000006806032023081099931
000000006806032023092099930
000000006806032023105099931
000000006806032023110899920
000000006806032023121099921
000000006806032023131999911
000000007006032023055799910
000000007006032023095699920
000000007006032023105899921
000000007006032023105899921
000000007006032023105899921
000000007006032023142199911
000000005706032023055999910
000000005706032023072399911
000000011006032023060099910
000000011006032023072199911
000000171106032023060299910
000000171106032023060399911
000000500706032023060299910
000000500706032023091099930
000000500706032023110699931
000000500706032023110699931
000000500706032023110699920
000000500706032023120799921
000000500706032023120799930
000000500706032023141099931
000000500706032023145099930
000000500706032023160399931
000000500706032023160399931
000000500706032023163599911
000000296406032023060299910
000000296406032023110099920
000000296406032023120299921
000000296406032023164699911
000000487506032023060299910
000000487506032023060399911
000000409706032023060299910
000000409706032023083899930
000000409706032023095199931
000000409706032023095199920
000000409706032023105899921
000000409706032023105899930
000000409706032023113699931
000000409706032023120199930
000000409706032023141299931
000000409706032023141399931
000000409706032023141699931
000000409706032023164899911
000000300906032023060399910
000000300906032023100899920
000000300906032023110899921
000000300906032023110899921
000000300906032023150599911
000000634206032023060399910
000000634206032023071699930
000000634206032023103199931
000000634206032023103199931
000000634206032023103199920
000000634206032023113899921
000000634206032023113899930
000000634206032023121299931
000000634206032023142299911
000000525106032023060899910
000000525106032023103499920
000000525106032023113699921
000000525106032023145399911
000000171106032023062099910
000000171106032023101399911
000000487506032023062099910
000000487506032023100099920
000000487506032023110499921
000000487506032023171999911
000000634106032023065599910
000000634106032023122399920
000000634106032023132499921
000000634106032023122399920
000000830906032023065599910
000000830906032023124599920
000000830906032023134699921
000000830906032023124599920
000000830906032023155899911
000000590906032023065699910
000000590906032023120999920
000000590906032023131099921
000000590906032023152099911
000000007306032023065799910
000000007306032023105899920
000000007906032023065899910
000000007906032023065899911
000000652406032023065899910
000000652406032023123399920
000000652406032023133599921
000000652406032023155099911
000000689206032023065899910
000000689206032023115399920
000000689206032023125599921
000000689206032023161699911
000000007506032023065899910
000000007506032023065899911
000000452806032023065999911
000000452806032023065999911
000000452806032023065999911
000000452806032023065999910
000000452806032023121599920
000000452806032023131799921
000000452806032023142099911
000000006506032023065999910
000000006506032023115399920
000000006506032023125599921
000000006506032023173199911
000000009106032023065999910
000000009106032023111699920
000000009106032023131899921
000000009106032023111699920
000000009106032023142999911
000000007706032023065999910
000000007706032023115399920
000000007706032023125599921
000000007706032023173199911
000000083606032023070299910
000000083606032023070799930
000000083606032023091799931
000000083606032023130699920
000000083606032023150899921
000000083606032023171599911
000000731506032023070699910
000000731506032023111799920
000000731506032023121899921
000000731506032023155299911
000000731706032023070699910
000000731706032023120199920
000000731706032023140299921
000000153306032023071799910
000000153306032023111999920
000000153306032023132099921
000000153306032023133899930
000000153306032023144099931
000000153306032023171699911
000000306806032023072099910
000000306806032023110099920
000000306806032023130099921
000000306806032023170799911
000000190506032023072599910
000000190506032023110799920
000000190506032023130799921
000000190506032023173099911
000000011006032023072599910
000000034506032023072599910
000000034506032023111499920
000000034506032023131499921
000000622206032023072699910
000000622206032023105799920
000000622206032023115899921
000000622206032023105799920
000000622206032023105799920
000000622206032023105799920
000000622206032023105799920
000000622206032023105799920
000000622206032023155399911
000000268906032023072899910
000000268906032023120999920
000000268906032023131099921
000000268906032023153799911
000000488706032023072899910
000000488706032023113999920
000000488706032023124099921
000000488706032023162899911
000000052806032023072999910
000000052806032023114699920
000000052806032023124999921
000000052806032023174799911
000000535106032023072999910
000000535106032023120399920
000000535106032023130699921
000000535106032023163099911
000000005706032023072999910
000000005706032023091199911
000000609906032023073099910
000000609906032023073099911
000000266406032023074999910
000000266406032023122199920
000000266406032023133199921
000000266406032023122199920
000000266406032023170999911
000000695206032023075599910
000000631806032023075599910
000000631806032023075699930
000000631806032023081199931
000000631806032023122699920
000000631806032023132799921
000000631806032023180099911
000000028706032023075699910
000000028706032023075699930
000000028706032023122399931
000000028706032023122399931
000000028706032023122399920
000000028706032023132699921
000000028706032023132699930
000000028706032023142399931
000000028706032023142499911
000000846606032023075799910
000000846606032023122499920
000000846606032023140199921
000000846606032023174699911
000000063806032023075799910
000000063806032023075799911
000000210606032023075899910
000000210606032023112799920
000000210606032023122899921
000000210606032023170299911
000000030606032023075899910
000000030606032023123299920
000000030606032023133399921
000000030606032023180899911
000000408906032023075999910
000000408906032023085999911
000000302606032023080099910
000000302606032023122299920
000000302606032023132399921
000000302606032023170799911
000000738206032023080099910
000000738206032023115499920
000000738206032023135599921
000000738206032023181799911
000000225406032023080099910
000000225406032023124399920
000000225406032023135199921
000000225406032023170399911
000000906306032023080199910
000000906306032023124699920
000000906306032023134699921
000000906306032023171899911
000000694006032023080299910
000000694006032023125599920
000000694006032023140399921
000000694006032023175799911
000000029006032023080699910
000000029006032023121599920
000000029006032023141599921
000000746706032023085199910
000000746706032023130499920
000000746706032023143699921
000000746706032023181299911
000000487406032023085799910
000000487406032023130099920
000000487406032023140399921
000000487406032023180199911
000000890106032023090099910
000000890106032023120599920
000000890106032023130899921
000000890106032023180199911
000000414406032023105599910
000000414406032023142799920
000000414406032023152899921
000000859006032023105599910
000000859006032023145599920
000000859006032023155699921
000000859006032023191699911
000000007906032023105999910
000000007906032023105999920
000000007906032023125999921
000000007906032023125999911
000000005706032023105999910
000000005706032023105999920
000000005706032023130099921
000000005706032023130099911
000000007506032023105999910
000000007506032023105999920
000000007506032023130199911
000000764106032023110199910
000000764106032023141299920
000000764106032023151599921
000000764106032023195099911
000000883706032023110599910
000000883706032023142599920
000000883706032023152699921
000000883706032023152699921
000000883706032023195599911
000000007806032023111299910
000000149406032023115999910
000000149406032023120199911
000000007006032023142799910
000000007006032023142799911
000000171106032023153199910
000000171106032023153299911
000000736106032023162199910
000000736106032023162199910
000000007506032023162699910
000000007906032023162999910
000000007906032023162999911
000000149406032023173199910
000000149406032023173299920
000000149406032023183599921
000000149406032023183599911
000000063806032023173899910
000000063806032023173899911
000000149406032023214799911
