000000030611022023090699911
000000007611022023045699910
000000007611022023110499911
000000007811022023052699910
000000007811022023070499911
000000609911022023055599910
000000609911022023091099911
000000171111022023055999910
000000171111022023060099911
000000738211022023060099910
000000738211022023124199911
000000300911022023060399910
000000300911022023122399911
000000487411022023065599910
000000487411022023122099911
000000634111022023065599910
000000634111022023110999920
000000634111022023121499921
000000634111022023153299911
000000639111022023065699910
000000639111022023143099911
000000590911022023065699910
000000590911022023114299920
000000590911022023124499921
000000590911022023152199911
000000007411022023065699910
000000007411022023065699911
000000731511022023065699910
000000731511022023122299920
000000731511022023132599921
000000731511022023170599911
000000007911022023065799910
000000007911022023065799911
000000007511022023065799910
000000007511022023065799911
000000652411022023065799910
000000652411022023122299920
000000652411022023132499921
000000652411022023153399911
000000007011022023065799910
000000007011022023065799911
000000591311022023065899910
000000591311022023134299920
000000591311022023144199921
000000591311022023144299911
000000006711022023065899910
000000006711022023065899930
000000006711022023071399931
000000006711022023073999930
000000006711022023080899931
000000006711022023085799930
000000006711022023101399931
000000006711022023110399920
000000006711022023120399921
000000006711022023120399930
000000006711022023120699931
000000006711022023120399930
000000006711022023123499911
000000239511022023065999910
000000239511022023111199911
000000006811022023070399910
000000006811022023070399911
000000452811022023070499910
000000452811022023121899920
000000452811022023132699921
000000452811022023143899911
000000525111022023070899910
000000525111022023134999920
000000525111022023145299921
000000525111022023153699911
000000452811022023072399910
000000452811022023121399911
000000034511022023072699910
000000034511022023112699911
000000416211022023072699910
000000416211022023072699930
000000416211022023080799931
000000416211022023084199930
000000416211022023113199931
000000416211022023125699911
000000021711022023072899910
000000021711022023113199911
000000292611022023073699910
000000292611022023073699911
000000343211022023074499910
000000343211022023125399911
000000764111022023075599910
000000764111022023125999911
000000029011022023075599910
000000029011022023104099940
000000029011022023105599941
000000029011022023130599911
000000197411022023075599910
000000197411022023075599930
000000197411022023080699931
000000197411022023081599930
000000197411022023082099931
000000197411022023082199930
000000197411022023084999931
000000197411022023085599930
000000197411022023091299931
000000197411022023091299931
000000197411022023091499930
000000197411022023091699931
000000197411022023092399930
000000197411022023093599931
000000197411022023094699930
000000197411022023095199931
000000197411022023095599930
000000197411022023100099931
000000197411022023100199930
000000197411022023100899931
000000197411022023100899931
000000197411022023101299930
000000197411022023101499931
000000197411022023102899930
000000197411022023103599931
000000197411022023103599931
000000197411022023104399930
000000197411022023104699931
000000197411022023105699930
000000197411022023110499931
000000197411022023111599930
000000197411022023112099931
000000197411022023112299930
000000197411022023112699931
000000197411022023113499930
000000197411022023114599931
000000197411022023115199930
000000197411022023120499931
000000197411022023120499931
000000197411022023120499911
000000268911022023075799910
000000268911022023130299911
000000408911022023075799910
000000408911022023120099911
000000488711022023075999910
000000488711022023115999911
000000052811022023075999910
000000052811022023120099911
000000483211022023075999911
000000030611022023075999910
000000030611022023084899911
000000906311022023080099910
000000906311022023102899911
000000210611022023080099910
000000210611022023120199911
000000302611022023080299910
000000302611022023120099911
000000731711022023080399910
000000731711022023120399911
000000225411022023080499910
000000225411022023121899911
000000846611022023080599910
000000846611022023125699911
000000028711022023080599910
000000028711022023080599930
000000028711022023081499931
000000028711022023120699911
000000695211022023080599910
000000695211022023120799911
000000063811022023080699910
000000063811022023080699911
000000767511022023081599910
000000767511022023081599910
000000890111022023084799910
000000890111022023125799911
000000781211022023084899910
000000781211022023124099940
000000781211022023125799941
000000781211022023134099911
000000083611022023085399910
000000083611022023115799911
000000905911022023085699910
000000905911022023085699911
000000694011022023090399910
000000694011022023130499911
000000030611022023090699910
000000030611022023133299911
000000746711022023091099910
000000746711022023145299911
000000171111022023095199910
000000171111022023122699911
000000609911022023095499910
000000609911022023100099911
000000859011022023100299910
000000859011022023141899920
000000859011022023152099921
000000859011022023184899911
000000007411022023105799910
000000007411022023115799921
000000007411022023115799911
000000414411022023105799910
000000414411022023135999920
000000414411022023150099921
000000414411022023173399911
000000006811022023105799910
000000006811022023105799910
000000006811022023105799920
000000006811022023120399921
000000007911022023105799910
000000007911022023105799911
000000007811022023105899910
000000007811022023105899920
000000007811022023120299921
000000007811022023120299911
000000007011022023105899910
000000007011022023105999920
000000007011022023120299921
000000007011022023120299911
000000883711022023110399910
000000883711022023140099920
000000883711022023150299921
000000883711022023194299911
000000007511022023110699910
000000007511022023110699920
000000007511022023120699921
000000007511022023120699921
000000007511022023120699911
000000483211022023115799910
000000483211022023115899911
000000149411022023120299910
000000149411022023120399911
000000006811022023120399911
000000006811022023120399911
000000063811022023120499910
000000063811022023120599911
000000767511022023123799911
000000292611022023130699910
000000292611022023130699911
000000007411022023133299910
000000007411022023133299911
000000007511022023133299910
000000007511022023133299911
000000006811022023133799910
000000006811022023133899911
000000006711022023135999910
000000006711022023135999911
000000007011022023142799910
000000007011022023142999911
000000149411022023161199910
000000149411022023161199920
000000149411022023171499921
000000149411022023171499911
000000905911022023161599910
000000905911022023161599911
000000149411022023191799910
000000149411022023191999911
