000000487505012023121399911
000000028705012023042899910
000000028705012023070899911
000000007605012023045599910
000000007605012023080699911
000000006605012023053399910
000000006605012023103199920
000000006605012023113199921
000000006605012023161599911
000000083605012023055499910
000000083605012023075599911
000000609905012023055599910
000000609905012023083599911
000000535105012023055699910
000000535105012023085399911
000000652405012023055899910
000000652405012023101299911
000000171105012023055899910
000000171105012023100399920
000000171105012023110599921
000000171105012023174399911
000000300905012023060299910
000000300905012023113099920
000000300905012023123299921
000000300905012023181799911
000000500705012023060299910
000000500705012023071999930
000000500705012023114999931
000000500705012023114999920
000000500705012023125099921
000000500705012023144099911
000000525105012023060499910
000000525105012023060599911
000000634205012023060599910
000000634205012023080999930
000000634205012023105799931
000000634205012023105799920
000000634205012023115899921
000000634205012023115899930
000000634205012023124099931
000000634205012023124799930
000000634205012023145999931
000000634205012023173899911
000000487505012023060699910
000000487505012023102199920
000000487505012023112499921
000000487505012023115299911
000000409705012023060699910
000000409705012023072999930
000000409705012023110399931
000000409705012023115899920
000000409705012023125999921
000000409705012023125999930
000000409705012023160699931
000000409705012023183399911
000000622205012023061199910
000000622205012023100199920
000000622205012023110299921
000000622205012023142099911
000000525105012023061199910
000000525105012023110299920
000000525105012023120499921
000000525105012023163099911
000000006805012023062099910
000000006805012023100499930
000000006805012023101399931
000000006805012023101399911
000000029005012023065099910
000000029005012023130099920
000000029005012023150099921
000000029005012023172599911
000000487405012023065599910
000000487405012023113499920
000000487405012023123799921
000000487405012023162099911
000000590905012023065599910
000000590905012023113899920
000000590905012023123999921
000000590905012023154799911
000000452805012023065699910
000000452805012023161899911
000000007405012023065699910
000000007405012023104699920
000000007405012023114699921
000000007405012023131399911
000000591305012023065799910
000000591305012023122099920
000000591305012023132199921
000000591305012023161099911
000000830905012023065799910
000000830905012023120099920
000000830905012023152199921
000000830905012023152199911
000000007805012023065799910
000000007805012023065799911
000000007905012023065799910
000000007905012023065799911
000000639105012023065899910
000000639105012023065899911
000000006705012023065899910
000000006705012023081899930
000000006705012023082999931
000000006705012023091899930
000000006705012023105699931
000000006705012023111199920
000000006705012023121299921
000000006705012023125299930
000000006705012023125899931
000000006705012023133199911
000000007005012023065899910
000000007005012023070099911
000000007505012023065899910
000000007505012023065899911
000000006505012023065999910
000000006505012023115799920
000000006505012023125899921
000000006505012023174499911
000000005705012023070199910
000000005705012023105999920
000000005705012023115999921
000000005705012023125999911
000000007705012023070199910
000000007705012023070199911
000000153305012023071699910
000000153305012023110099920
000000153305012023130199921
000000153305012023172999911
000000306805012023072099910
000000306805012023111799920
000000306805012023131799921
000000306805012023170099911
000000009105012023072299910
000000009105012023110399920
000000009105012023130699921
000000009105012023173399911
000000483205012023072899910
000000483205012023072899911
000000034505012023072899910
000000034505012023112799920
000000034505012023132799921
000000034505012023172899911
000000488705012023072999910
000000488705012023113399920
000000488705012023162699911
000000731705012023073099910
000000731705012023120099920
000000731705012023140099921
000000190505012023073299910
000000190505012023110899920
000000190505012023130799921
000000483205012023073699910
000000483205012023113699920
000000483205012023123799921
000000483205012023162499911
000000266405012023074999910
000000266405012023120599920
000000266405012023131699921
000000266405012023170199911
000000846605012023075399910
000000846605012023122199920
000000846605012023141999921
000000846605012023174399911
000000631805012023075599910
000000631805012023075599930
000000631805012023095899931
000000631805012023100499930
000000631805012023112599931
000000631805012023120099920
000000631805012023130199921
000000631805012023130199930
000000631805012023143499931
000000631805012023152999930
000000631805012023170199931
000000631805012023170399911
000000416205012023075599910
000000416205012023085599930
000000416205012023092799931
000000416205012023121299920
000000416205012023131599921
000000416205012023164199911
000000197405012023075599910
000000197405012023075599930
000000197405012023083899931
000000197405012023083899931
000000197405012023083899931
000000197405012023090399930
000000197405012023092199931
000000197405012023093599930
000000197405012023095199931
000000197405012023095899930
000000197405012023100999931
000000197405012023101999930
000000197405012023103099931
000000197405012023103099931
000000197405012023104299930
000000197405012023104699931
000000197405012023105299930
000000197405012023110399931
000000197405012023110999930
000000197405012023112599931
000000197405012023113399930
000000197405012023113799931
000000197405012023115599930
000000197405012023120199931
000000197405012023120199920
000000197405012023130299921
000000197405012023130299930
000000197405012023160899931
000000197405012023160899931
000000197405012023160899911
000000781205012023075799910
000000781205012023130299920
000000781205012023140299921
000000781205012023162299911
000000210605012023075899910
000000210605012023114299920
000000210605012023124399921
000000210605012023170099911
000000302605012023080099910
000000302605012023121699920
000000302605012023131799921
000000302605012023170099911
000000225405012023080099910
000000225405012023122999920
000000225405012023133299921
000000225405012023170099911
000000738205012023080099910
000000738205012023120599920
000000738205012023140599921
000000738205012023180099911
000000063805012023080199910
000000063805012023123299920
000000063805012023133399921
000000063805012023172899911
000000292605012023080299910
000000292605012023202099911
000000030605012023080499910
000000030605012023080499911
000000007605012023080799910
000000007605012023114599920
000000007605012023124699921
000000007605012023180399911
000000292105012023080899910
000000292105012023130699920
000000292105012023140699921
000000292105012023171099911
000000028705012023082899910
000000028705012023083199920
000000028705012023093599921
000000028705012023123699930
000000028705012023125699931
000000028705012023134199911
000000746705012023085099910
000000746705012023130399920
000000746705012023143499921
000000746705012023181199911
000000890105012023085699910
000000890105012023123399920
000000890105012023133499921
000000890105012023173299911
000000535105012023090699910
000000535105012023111999920
000000535105012023122599921
000000535105012023154099911
000000694005012023093999910
000000694005012023122299920
000000694005012023132999921
000000694005012023180399911
000000758305012023095599910
000000758305012023095599911
000000764105012023095699910
000000764105012023134599920
000000764105012023144799921
000000764105012023183199911
000000652405012023101799910
000000652405012023101799920
000000652405012023111899921
000000652405012023162499911
000000006805012023101999910
000000006805012023102299910
000000006805012023105799920
000000006805012023115999921
000000006805012023152699911
000000859005012023105599910
000000859005012023150999920
000000859005012023161099921
000000859005012023191299911
000000007005012023105599910
000000007005012023105599920
000000007005012023125799921
000000007005012023125799911
000000414405012023105699910
000000414405012023153199920
000000414405012023163399921
000000414405012023191599911
000000007705012023105899910
000000007705012023105899920
000000007705012023130299921
000000007705012023130299911
000000007505012023105999910
000000007505012023105999920
000000007505012023130299921
000000007505012023130299911
000000007805012023105999910
000000007805012023105999920
000000007805012023130199921
000000007805012023130199911
000000007905012023110199910
000000007905012023110199920
000000007905012023130199921
000000007905012023130199911
000000906305012023121199910
000000906305012023121399920
000000906305012023131499921
000000906305012023173299911
000000487505012023121399910
000000487505012023163999911
000000731505012023121799910
000000731505012023121899920
000000731505012023131999921
000000731505012023160299911
000000030605012023121899910
000000030605012023134499920
000000030605012023144599921
000000030605012023170299911
000000149405012023130099910
000000149405012023130199911
000000758305012023131899910
000000758305012023131899911
000000758305012023134899910
000000758305012023160299920
000000758305012023170499921
000000758305012023205799911
000000007405012023153199910
000000007405012023153199911
000000006705012023155699910
000000006705012023155699911
000000052805012023161699910
000000052805012023161799920
000000052805012023171999921
000000007705012023163099910
000000007705012023163099911
000000007905012023163299910
000000007905012023163299911
000000197405012023163299910
000000197405012023163499930
000000197405012023164099931
000000197405012023171099911
000000007505012023163399910
000000007505012023163399911
000000007805012023164799910
000000007805012023164799911
000000007005012023164799910
000000007005012023164899911
000000083605012023173599910
000000083605012023193699911
000000639105012023173799910
000000639105012023173799911
000000149405012023174599910
000000149405012023174599920
000000149405012023184999921
000000149405012023184999911
000000149405012023214799910
000000149405012023214899911
